y
-9.146575149747784
3.6562912470602686
-9.735645285370703
-0.9065413088309998
-14.338910070497262
-1.175330701038351
1.3796659208391773
0.5357879664563943
2.736308109647987
-3.233391254001864
-4.0090449125399825
5.062618870952029
1.6552064215263167
-2.865724043590027
1.3322785114704956
-2.8506050668259277
-8.394845835577621
-1.7173679587492718
-2.610484088583794
-2.0050107501864103
-5.004802555342808
-1.1173523470466988
-1.5089224589802221
-3.87946442120632
-10.287261729870112
-7.288929215551074
-2.650673758580949
-2.734692867095582
4.254456077037379
-2.566924468214774
-4.243131690746371
-12.103779567429468
-7.523565743931043
-3.179622412009287
-7.349820872221202
-2.2577710210125073
-9.012306145304178
-4.061142371002289
-0.51423411236837
-10.468336134440362
-3.6830170215733293
-0.9829513985964926
-3.9514377747197167
-2.6297269029870334
3.5625219069242258
-1.3170384750901012
-5.2324591374009835
-9.337201678673898
1.6589846906449464
-11.165763663663162
-5.757266623209277
-4.628042991751252
5.487638640022417
1.6991580183630202
-2.74603469864746
-6.839317598472941
-4.59398553938399
-4.618832280449195
-3.721435925335717
-7.314328757893338
-2.3653472769066726
-2.025218886763426
2.515102681216529
-0.02933818886689038
-10.995809560740536
-1.2087199720672357
-3.3092795548721377
-6.193137707629452
3.4959820150916814
0.6022658196428956
-3.0717038444828155
-7.043748947181992
-11.206781221448404
2.2028623836515866
-1.9787784551779954
-7.530751520465434
0.5408416564074334
0.8029327366793354
-6.225233796205595
2.982345353531575
-3.305737158443577
-5.663431491553741
-7.1415361438779845
-1.8778122250678317
0.28532777306619583
-2.8184306133670907
-6.884289388077951
-0.45772914721830604
1.8129712027195837
-1.6738084769585142
-12.083241825108363
-6.4682157175592625
-3.500562996701711
1.3574207977460948
-5.749355499067615
0.27788643699438076
-11.272204043381276
0.85602624902468
3.0264335456469604
-0.09631289235908866
2.2640210967369523
-5.995175678769766
-8.116286598988914
-3.846571675088934
-0.6449851762011545
-1.7989071857140664
-1.64352073498255
-1.976177494296544
-3.3401728850784034
-3.9356135097532308
-1.006877511015045
-2.2554625728733932
-2.736714043179957
-7.364953652556487
-2.2162768494512797
-7.3081868083715715
-1.9989815166424236
-4.1432448878531005
-7.098346837850252
-1.3266104558457181
-10.096952560163379
0.8865395978960365
-8.197137974905356
-3.7434258339446087
2.9406172550746037
-2.110761934423639
-3.99550758577202
-4.405607727692693
-3.103254344924261
-9.017066139997736
-4.646418977965288
-4.968679816529053
-4.703239157861284
-7.180196585568277
-17.29550326940227
2.0418903546708203
-5.588290022800194
-4.835307118157363
-5.1828199445987675
-4.314035798430844
-7.974819894196563
-7.229448796535826
-1.9575620582041822
1.7523637768517832
-5.088414129123986
-2.9621893512343034
-11.262120012505262
-1.8537660404435368
-2.0601005812672146
0.1516122222207518
-5.737215424702971
1.6967726112380286
-11.725709211073646
-4.593050675243724
-1.971530179820192
-2.238857691192272
-2.421967585780989
-0.02377314151984189
-10.982458888537108
-6.781674038356369
-5.02621313217281
-0.9821198022160318
-0.8071926389043059
2.58054123424234
5.2894103305816325
-7.131593647009235
-0.8538649990689737
-9.577884996681682
-13.452479743024782
-4.9267661782751055
8.020881665807687
0.8699033955083612
3.8098238903493837
-4.053298921600278
-6.394269300468811
-5.180249559388605
-5.604329217318519
-7.163615239587966
-0.6544204785730519
2.7665979766788684
-9.447801298114618
-3.30762684977884
-4.196256637374906
-3.6918960261875635
1.5309633808468555
-5.637309727975872
-1.6799617184971163
3.4378155014086484
-0.5375284155134259
-5.5502525885979805
1.4758161098871319
-1.090755263412744
-1.3314593181442795
-2.7320003658137972
0.40528354609467043
-7.3010705441240455
-8.304803367685027
-2.825068364708356
-7.757607733465621
-4.495781290123806
-5.760934672720792
-1.531186404756485
-4.866019954215124
4.693590991729503
0.35310368883795173
-5.052268797769735
-12.34101804516337
-3.137752323321072
-2.188877326970435
-8.317512777639713
3.9846444753617907
-2.1352486440170235
-4.411934294695347
-7.438997497960157
-3.1045933457129333
-1.112619891206477
4.4257999474711385
-2.1764121757724975
1.6348740932079173
-3.4346153647489666
-6.014950973647923
0.8999567857057595
-5.491714835588093
-7.0738534616480555
-6.580877044457708
-2.5506954322275988
-2.342579578794237
1.7463251939491293
-2.7747074723459564
3.0902475279209187
-5.067798859491887
0.20418307713541073
-4.72985006743954
-7.832639524224125
-7.066619152191395
-1.3485266335436457
-7.334780922328165
-8.056408478490216
2.4914145351338255
-3.9744424757855423
2.5999153009620044
-4.894780614892497
11.022259020734802
-2.13255773151352
-3.4622930602272777
-11.555808955608214
1.0948751865867519
-0.2911869902489148
0.5338441107289931
-3.0362577184151895
-9.722465336180637
-0.4538656536532761
2.750287525391409
-6.505221651306972
-2.7336354382000794
-9.566128401709122
-3.862998359206195
-5.344817819232449
-6.135665748243006
-7.386330615679121
-3.2588730682827802
-2.038521163114593
-4.758762406032622
1.0126406585449046
-3.9308497613516806
-1.3435926187626637
-0.9287390106963928
-3.0824468875159337
-0.2700807783338621
-1.124308873019051
-8.496319009576357
1.628126648765787
-8.197954791921628
-4.4786832693123095
-5.0327661781217135
-10.615696069260332
-7.59071260673806
-7.835009254624756
-10.631479306197186
-8.873115136953198
-3.8117096697738764
-9.870935677520094
-1.6320441472813576
-1.2824417362714033
-8.70789767811489
5.908499031417956
-4.942200932435706
-3.0572062598951053
-4.1000540734724344
-11.202124818591978
4.253802415745804
-13.594825846768053
-13.06553112588268
-6.474290554022945
-4.666677910463643
-12.10895972530802
-9.528562726593483
-3.7539538541830604
-2.6030559970859204
0.9464743797183073
-5.326461588169041
-3.9070579807420223
-4.490804444266875
-1.524489192156786
-9.214953944905849
-1.6135639330425557
1.1271655221772936
7.432083611221779
2.334329287107084
-8.55440544793274
-6.545093982577461
-2.977868657465578
-0.6932705535618578
4.796587348291385
-1.12811294239369
3.4372698509909014
-0.9997860949056642
-11.190281970452283
3.6704001918828966
-4.255363333186594
-0.5733347941611115
-7.1902383187652426
-5.067493096884643
-0.37599482809233375
-2.0118124664923904
-4.803977556866017
-4.64829737341119
2.735430502383907
-6.545405698832849
-4.4758121159241755
-1.6276089283891224
1.706386403060454
-2.9106278840067414
-9.340459476308169
-5.332353417417046
-6.020938205755996
-5.833900498628605
4.889642701437366
-0.29952852537415564
-5.725079509544428
1.7989145628424545
0.07232774251158186
-1.646050932332379
-11.505782617829235
-1.3795782828875047
-1.4910047663633732
7.7347396510318
0.5563260539111492
0.1605514094322158
3.132211106365932
-3.8278688511411234
-2.9020736119673964
1.217338363081464
-3.242885275751137
-1.1251302231049758
-5.973444066871565
-5.927537877414327
-7.188609152092319
-1.0400725939526838
-3.677925319290585
-3.1321708362060012
-3.9010248640896634
-9.294464835426398
-5.9339470599363615
-1.4523797756407215
-13.102399976547876
-8.156244702226122
-0.600238687157505
-2.711711440177837
-3.9330689464946014
-9.847301809716187
-7.091108536625771
-0.7378079090453331
0.8245208308990561
-9.861729635032411
-1.115653747247709
-10.209570626801
-5.216082604506429
-2.021334718991093
-9.333733673851548
7.30482968388485
-6.127624006721474
-9.959064869782583
-12.544139086882065
-6.203785588615691
-7.940013377642049
0.20280732687282088
-3.1328374989753542
-11.974614767913835
-8.251427844150804
-9.35053552379231
-0.3506086305808111
-6.577170751277206
-2.0402153126639533
-6.43549234338398
1.0475384812829085
-9.5400851172183
-0.05238249055080124
-7.855192138521051
-5.77505645685021
-6.06458549883644
1.6865255488349384
-7.871046910723932
-0.6934455691289645
-11.09655958179764
2.8490034741386245
-6.9027684545889905
-5.448409911148581
-2.849511801153764
-4.622034167802278
-4.679689645377373
0.3808968804100664
-1.5109276062148795
3.9931872605113723
-4.918353695705101
-4.158189414813218
-3.0853670312881194
-4.402690807997663
2.232940275504233
-2.1487094869344583
4.267852394914043
-6.172575134780316
6.154589733042484
-6.4870336249138925
-9.755760652128794
-6.142968430482578
-0.37270468007688434
1.8496838434971778
-6.096550812174987
-2.539549626792776
7.811942405905175
-3.1269286970079135
-3.1548021987163213
-6.165807700176661
0.8418835907303048
-5.577869463069898
7.772201837440896
-6.941411795085535
-1.9663882706555313
1.5159885252069158
-6.90406328752114
-2.590605675282695
-7.555489244522774
-0.6391686368575198
-1.638695036386277
-3.9930191065129135
-0.20995991039537337
-4.4450842132815565
-4.657976461813107
1.8195188021101425
-4.5960818202020635
-1.5829433669126338
0.619862303541306
6.264369378455017
-8.428368088379319
-3.329021163634105
-8.882843489898912
-6.018913925821006
-7.142729909271286
-8.357626007737874
-3.2188078145223566
-0.2275111272655712
-2.1143889395350146
-4.7066797526678865
1.5755923371070204
-2.1258026369771543
2.2110752165007668
-5.871332805618295
-7.096936476455051
-9.23890297982249
-5.1787743068364485
-2.6803586502076344
-2.9916830442814657
0.6674879153954681
-4.193180461923003
-6.373813954011346
-6.4697983904671235
-2.7758389433416717
-4.082195206010988
1.6172817148547463
-4.555775430959098
-6.337116238057629
2.5207140907826022
-0.46620527299588743
-6.961700597332265
-10.066435584521523
-2.3229239731877653
-2.4827396993523347
-1.8433396760968654
-3.939593028616116
-5.20049261122209
0.538963794468807
-2.200999909352483
-10.648034081310342
-4.072831971774459
-0.3476135117462545
-2.0924449634607556
1.5826342778725155
4.707896982309096
-3.290150715227069
-6.877626790821316
-0.031137229438046865
-0.848346844880844
-1.230200997399168
-2.4104292100324556
-6.339759802809179
-1.553209446014798
-3.858048123530796
-4.618542632324259
-2.5299785765025593
-1.34783579916519
-7.435046307088573
-4.37548193292177
-7.1583687745063855
-3.493314758479057
-1.6567681052994745
-2.377753362907031
-4.641121282341519
3.2206470071336875
-3.3453603309896573
4.98441999872543
2.1783949218115595
1.0187075744387355
-2.321935077121352
-2.054926464346786
-3.4155508467876756
-0.7410362738049743
-3.2534606310220795
-6.291867099076502
-5.702172169052389
-0.9478393872758092
-5.469305214337137
8.529636464919847
-5.934963103964802
-8.109117447094157
-3.655774902649149
-12.597195624347847
-1.473741924225538
-6.797551367777513
-8.76649005092136
-5.248145622429744
-9.849912636793883
1.236149335247236
-6.956475619690102
-6.237839260338831
-6.766431605778215
-7.9823501774300905
-8.16273602618594
-9.910343689059692
-8.81520980732404
-5.250893655343929
-6.895056659574228
-4.827531453797715
-10.073307259845736
-6.650808690958473
4.859586613604252
-7.006845806953332
3.3110893978472165
0.4202226106761855
4.105996556265613
-3.3860711381748057
-7.308692057685006
-5.859925319443087
-5.67047392387326
-1.371584851759101
0.9822474443818061
6.429658133906155
2.916217594873601
-3.7100234040663143
-5.717350642662597
-2.579845379169188
-7.851498756061386
-6.9325995624006245
-1.460858991317668
-2.844415422381854
-3.648563487591687
-3.0554395217979646
-12.4180410386137
-4.357321488416654
-11.467184564085022
1.1601584252431882
3.8976038661057375
0.7211102780802
-3.1038664467327464
-5.528706307176767
-7.171355708455204
1.3651105186681778
5.177716262842077
-14.07483086008279
-12.917428172482156
-0.9472425811888446
-7.675015337542811
1.727151953775471
-6.41413345612531
5.651810913826013
-3.9626645033240124
0.37111256912685875
-8.491628975446197
-0.7344270625452725
2.035341394939911
2.5433725042073254
-6.402977063039172
-3.8795582844522967
-0.5263297564050045
-3.2746285208157646
0.7387057113252198
7.890428319727255
-1.5293494369535268
4.176081562511067
3.134358375516314
-8.452352751400918
1.178854113930483
0.4131566445724535
0.0954153356481621
-2.9010682932510976
-6.380482631824507
-2.6033930362156332
-10.763201811699462
-8.264010635365254
-3.7514052442003014
-2.249543051286375
0.8869023477867621
3.4909553434451293
0.05237946015170181
-7.1323913942091215
-12.401318298564762
-6.785579785462563
-6.292572447894052
-1.4932100774966746
2.2109186828818217
-2.5093998978363827
8.528349909160939
6.128878808727689
-0.43564201536884406
-3.051885527724924
1.0291760905134395
-7.904047370447214
0.3326756792914388
-5.124482022206528
-0.35618319905336415
0.2823561700638779
-0.8717919891216399
-7.321977423694198
-8.439687053359245
-6.731840079449663
-6.948672335708851
1.4792895105765838
-1.6013842889607717
-4.750442915416551
-5.443071906648904
-2.9453089337586977
-3.1919192267778764
-6.344141791662875
0.4804463445926086
-8.017421150882482
-5.0103666367330835
-6.056866351267022
-10.907025176461783
0.7706296963420174
-1.2224787745579506
-11.655844252279
-2.7741082832258988
3.7819807490858466
-4.1403399321363175
-4.774894736671429
-3.223991839401353
-3.0881446069541747
-5.693825813679317
0.29381914258593184
-5.96945078079574
8.507170186152926
-11.740891688203476
-0.2671957331724159
-2.9829821924397084
-4.585569764862922
-6.488273693971115
-7.283741368951048
-17.93329747176824
0.09951139274462317
-2.089308704647254
-3.821451974687826
-5.2004055057880345
-4.179692595291599
7.102047273459544
-10.905491775772948
-4.042165138290003
-1.9505639913035666
-2.39877025657875
-10.88573971784643
-2.0104421830872115
-3.117832187597583
-3.073788203499162
4.616610162013811
4.800029647353549
-4.996002253323526
-3.7753794523910327
1.6319757097983012
-0.12913195098062102
4.372264990442256
3.0414358989572294
-6.835163868913884
-0.27132171046481385
-6.8174532853784395
6.642114534847072
-2.4343219142823207
0.3008995978656516
-5.151797954938464
0.5802756312979005
-5.741755517347797
-6.472974298201089
-5.935604207450283
-2.191154393092349
-7.256549180193881
-4.469762507554015
-10.577629883681293
-6.5333581509935685
-0.7076165435387897
-2.837236199448666
-4.441582249094073
-0.263938258572998
-7.451790752930705
-3.0593128993871814
-14.572294840387872
1.653825489749957
-7.645874774963772
-8.46143094635078
-6.236947874357697
-6.287012656129892
-11.415502723390587
-4.232729571103859
-7.767152732960461
-5.937656496876728
-2.3463733105339633
-4.337249100782682
6.322859471955081
-8.399616668905363
-4.127602567913072
-4.78979725789518
-5.26187424498872
-6.656803197343224
-5.870460371013959
-4.946960082409727
8.03830961456824
-2.5198148665517834
0.08235215403707435
-12.53221432794931
-4.001517288525079
-4.587350451509611
-1.0733679711517474
-1.702150671017386
4.005979721973993
-5.96271838259863
-3.0210620860366744
-5.236249370003578
-7.005820669832593
-5.74015945563718
-5.448691181978326
-2.252469906002341
-7.762207834293891
4.513048309116506
-4.429744185333469
-8.566297737268865
-2.365718481483399
-5.83103029643768
-3.2084372078551633
-6.23919955562666
0.1852424675005505
-4.783211617441268
-4.574909279604008
-4.514315675014481
-7.518476115013497
8.323611655532973
-3.7474755422174515
1.0899819670283455
3.388625845607528
-3.14067802863468
0.9295449748286605
-9.189396882893123
-1.2931964928905686
-4.636740859647215
-5.318642322711989
-2.7683429768262724
-4.439291930385764
-2.2615417500937602
-0.46435379523167125
-3.931923931340689
-6.347188256597393
-5.427022621280643
-3.472547587232882
-0.8360092633649534
-5.430306284156882
7.051166094106547
4.076657034891633
-7.135245765862657
3.2294087752202754
0.7463559001676701
1.658967537281043
-9.656843517090216
0.10760726070492899
-5.874384532674212
-7.841165215393832
-0.19467132978425739
-3.9153927563448887
-7.879184741994096
-1.250549356766872
-5.251324469066748
-6.089751871018051
-5.774418165284747
-7.374210733677331
-6.5441672454817414
-10.929115163683703
-13.272845031830833
-3.9987386967786382
-11.189412553581725
-6.802715069384927
-3.4028874274784324
-4.9863958260702175
0.14059798734548562
-4.833866530461302
-6.488338785272908
-0.1906592740299492
7.7992685797448456
4.479479751426847
-14.536893550147584
-7.738086495146381
-3.7588732091834416
-7.015880636445765
-0.25459048797333583
-9.677084163412573
-1.7743199995365244
-6.560865301399145
-5.8245423738548245
-2.815652569911249
-10.055219493357365
-7.525985932906909
5.5156915222223155
-8.788043964872223
3.1347235773235207
2.9264595293686253
-5.938221461424516
-6.595428217597014
1.0395292697616623
-4.338570112248291
-8.78288999459006
-1.4825318042926152
-3.2402443343288643
-2.177883716352568
-5.10742235272965
-0.9484751530312793
-10.002539083841787
-1.8077811035864224
-0.49531411725833174
-0.7642948758864196
-9.228299620082424
6.099908540342733
-0.6915919947702793
-0.08865751939711727
-2.4226023407137784
-4.3243079210359845
1.6586550247609544
-12.259124616345815
3.8044531338713714
0.09809959593708206
-2.6380320062737233
-5.549746348958713
-6.305907952684337
-5.3275813933400915
-0.45143243692582224
2.6252874831548376
1.2620610081259418
-4.395770561868538
-14.605639914419168
-3.4984558335900706
2.0472374478770172
-2.8214603865665926
-5.318854653398223
-7.905362102450008
3.57133446955629
-7.382005776115402
-4.938752979417638
-4.85383952574962
-0.07564732170655541
-9.749604359713146
-0.105339346792783
-4.314671062902297
-5.606471059751366
-3.9703488344983056
-3.6916674547464603
-7.583045508313701
1.7858228983496072
-5.751597430022147
-5.430076933203071
-0.8096954186321024
5.236085991691632
-9.183109130802709
1.8729438158856548
-6.124070796261652
-10.763011592553648
1.4918325528806378
-7.106425533349678
-2.881540654704535
-9.05211014062516
-6.7791759118358295
-2.022704337631618
-3.4716404619400585
-1.6049825684406054
8.103288265164771
-7.653952567846967
-5.63590568753889
-2.951453876911419
-6.242803491768075
-10.645532460570347
-1.2238076653075527
-8.182174434873994
5.902959547509235
0.028025079646118778
-10.807292496275451
3.073087592281133
-6.571772110062141
-6.863437526869898
-5.159383080637588
-11.741705096261276
-1.61635041601582
-1.6991790501074546
3.89485379591593
-7.207908084436959
-5.276518161134126
2.059850449037356
-4.221431461113745
4.686872853175234
-0.5225741182872925
1.0792112968331273
-1.6813404939496732
-3.1163179681851934
-5.899862865425678
-3.6255683042418916
-8.604529230229655
1.3919645869736779
-2.960525740036129
4.475453453465038
-6.85527444192749
-5.564967858791812
-8.125827948142229
-2.9614900824276216
-7.889032725847347
1.349468431824914
-5.334658617895733
-1.4847593069586955
4.460030200634126
-7.523023941242961
-4.195284753732288
-1.6662246844632969
-2.577082486408278
3.2250534037911263
-4.972612256993302
-0.9354830869329371
-10.935070290233107
1.5894767604868005
-5.441765837009081
-9.109237325198027
-10.43578517887848
1.479132670382958
-7.297474248030756
-0.52462712419948
-4.675556364034751
-6.198790565335611
-9.329007720931061
-6.820028967564022
-7.836773449541687
0.05176745843732494
-2.5925289217953087
1.0647677489250742
12.267473729627245
-7.112383592998297
-8.624617241550288
-0.5157532800302185
-0.09651195235407672
-4.246376587258185
-4.333887389715953
-5.062873535339614
-5.1573959845038795
-2.2293492711984606
10.906253724893268
2.700560567397471
-1.5075824902738342
0.8945132969798983
4.359812636209037
-6.179525958737894
-2.9673876520706353
-6.294569281819875
-5.184017041969766
-5.492682972843793
-3.9255819421340155
-7.168174145492151
1.3829720864594972
-6.504435034053408
0.7647880282596935
4.195145371929361
-6.763408647883797
-1.6525718158658305
-1.5311582238675159
-12.216055164177533
-3.818917516306598
-2.2186878252474536
-7.3956213775974655
-1.4637546885643262
-4.679174157077191
-4.418197754021759
-7.978729542541533
-4.569798987435883
-3.690310130419576
-3.8247027102585593
-1.201137022220809
-5.012184240062407
-4.3561098132601535
-4.654166814744114
-3.939868027734449
-6.794732988184014
-6.082355604603098
-4.421157871658942
-13.745421839850625
-2.9387837997462425
-5.366917924593952
-8.943604872906302
-7.614952172482334
1.034852443737759
-5.483378773550486
-11.877728626574225
-7.90179762269428
-18.686616978679144
-4.595625878734941
-6.002561639915654
-4.9343703232109215
-3.191198227537149
-2.0498096596523654
-5.2283562514532935
-4.574178343013603
-0.48908610177329503
-5.0165172511237675
-2.3507069647569905
-2.562887568549286
4.813316055515104
-4.23893751102874
-8.068744526913312
-5.804322267687459
-6.113027509500465
1.2459083691559005
-1.0703519465397857
-6.396370221535453
-1.2817645298217304
-8.331441955038017
1.5872952232713482
-1.6264157726393123
-7.842123690441789
0.004188233489651139
-5.300880245308352
-0.29090740841162543
-6.083264637206839
-5.069772318344106
-5.4015321664746425
2.010090534695384
-0.963767396619704
-1.0374977574181048
-0.7258121934260573
0.7142572771561
-8.861282813384538
-3.969617242084319
-7.362452624803286
-10.268961280855486
-7.617773073304861
-9.729507528402788
-11.608708500760947
-11.779750659528224
-11.059226917141181
-3.0848943383048093
-2.777547517259359
-3.7428612695935626
0.4037597418464025
-0.9438159478754656
-0.9641565815464253
-2.618992450875809
-9.68029689297931
-2.876805352643053
3.5790966518005147
-1.886780107842667
-2.840386061556857
-13.151534103956935
-1.3390687314665468
-10.343630845573125
1.4368088406789767
-2.908029710377861
4.712199388986937
-14.577006248211044
-1.961349474824329
1.0649044289897884
-9.00384447627334
7.372514608997183
-3.6554369252960064
-7.538040999919003
3.6702705394992066
-11.408706942763821
-1.4178623841190365
-4.281224298746772
-1.0624536857147517
-1.8812955201908634
-1.29497832521763
-9.172244255536127
-1.3692237941094232
-5.133246916596363
-3.8020870242149214
0.8119497353093833
-2.1137422574718503
-7.178219733054858
-2.2051856472693583
-9.774185100030957
-5.73025976202548
-7.37993584805661
3.392303646639252
3.5627156710871324
-6.7877234583171475
-6.23446066881492
4.044157890824998
-3.344363799359251
0.31392212696462063
-2.8105043122465387
-7.414789033094233
0.45413539035118167
0.005752277054794308
-7.366456086003926
-3.4052049734527223
-8.371983149275126
1.2787578188086584
-4.2795297602318465
-3.5104542367942355
0.6430984075080202
1.2976044090382066
-7.004225371228453
-5.913344394937915
-2.5988799711906188
-6.378038443905462
-8.889002952852357
2.1527836408777294
5.362303604923135
1.2222898805052553
-9.751344341183373
-5.577592070377351
-9.780002323119572
-11.615010872364929
-0.5487371570445516
1.6039669381050206
-1.8310589738292078
-3.18602941443621
-5.324435437891262
-1.1024779771167452
-1.3082213984455389
-1.4212896277252212
-7.1164038437360615
-1.3925044764815375
1.973193175184431
-3.2684194756917
-4.018313896028268
-12.176670604411353
-5.5361225175472315
-5.525922291902438
-3.4160983818857336
-7.445683086350394
-3.6616144591102255
7.00775580584042
-11.586677220281276
-0.12317002551363587
-4.220262428405527
3.0207370835921914
-4.223650023039019
-3.1975614013481213
-7.562786650218788
-1.7597984285128907
1.8012302630753094
1.5432944474749757
-4.8888443235328225
-3.1906001720869366
-3.333933372687943
-4.501749519104715
-2.3029487004179026
-3.6218081088395255
-7.299305216409697
-1.2996329026249698
-13.441786848713194
-3.7759845739412854
-3.7447712832404716
5.203566763188588
-3.595127053807523
-2.8480825648910417
-6.863401352087497
-6.656583719397497
-2.171283390346242
3.3178806419700186
2.118303069940338
-4.415202836463581
-5.925288745855766
5.1037275719647575
-7.872741688533752
-12.048811787720474
-0.9239929202165926
-8.733395291552156
-0.25064050018776063
-5.620683006553975
-0.07794394559814499
-2.0255456406659587
-6.288600362647216
-9.886958861419563
-6.140710811279958
4.2627886179136825
-2.0601488282821525
-0.6782921226493532
-2.3063149426465284
-12.331496233073135
-0.34177549389231143
-3.48867171155276
-3.357257260837223
-7.198504420586492
-10.792643885356386
-1.8635282272027704
-9.63474528505818
-2.986648853800933
-1.9239076890303834
-4.742600509343602
-5.370545805789357
-7.35420796543695
2.0295753981305342
-2.6774810375268894
-6.789273137618672
-1.851262306490477
-11.506633076621739
0.9440127123857204
5.437475397109412
-4.304870850857484
12.383687936421772
1.5862066378089326
-6.144012992513139
0.12329540628079094
-2.2620523188431636
-5.770329038536718
-5.1536680853181736
3.1103460723682046
5.191218478201317
-7.262158194001334
-5.578070398848099
-5.734705627177085
3.885404875090459
-10.490753574860568
-8.733177344136704
-13.764446033697151
-3.3773558251749938
-2.28634823862767
-1.4913760583051299
-7.364358172419735
-5.184745421985898
-2.4646317846481525
4.375190996249279
-4.463163282665691
-7.780898773795831
-6.219463358081564
-6.647321890819982
-0.13877674616065927
-12.035677590832737
-5.525708528633816
-2.895680289745803
-6.846604759215379
1.6297225195192038
1.457287946990386
-3.5046281948259157
-9.615803512092057
-7.584109736738371
-5.761909571349144
0.4162523400732061
-5.603240146481376
5.292590761564438
-4.822247697334076
-9.252627935160037
-4.7183194843481315
-1.5642069727206183
-6.392502440049769
-11.417589381585984
-0.5698756299950649
-1.1761004669899568
-9.012352036605678
-2.72411045486314
-7.049285563849306
-1.41271366446824
-0.9941872222534861
-5.206459417381331
-4.865403912382552
9.828388602976773
-6.456228527926848
1.9265815152522385
-3.8260388586730287
-1.4011590451970266
-3.6276593100347383
0.522676796239411
-7.4021433118868964
-4.988264574973726
-4.304357032544775
-0.20812585519665294
-1.8331448507869141
-4.072449006051817
-3.718228313570064
-3.5476655260238332
-4.600543241745418
-6.1552840290168644
-3.6633114558739575
0.16911087788526613
0.04830301707807361
-5.447849882277066
-2.7665666734488172
-4.6654027166636345
-8.340568365377191
-3.0370982763340706
-5.8590060835523925
-5.778437410677062
-7.3618462123840605
-1.1572897366317019
-2.9918626108883872
-5.075487504383708
-5.510063808844419
1.3430861264236025
-1.3190611943088817
-4.816377199710472
-4.575989060430876
-2.6478070136863527
-1.0485359890414692
-1.0619081126487857
-3.857400375590716
-9.152201565345946
-2.908158170273593
-0.9570016959315961
-3.8124565444561282
-8.553008783792276
-5.409131147414784
-9.224561107699053
-4.985094648145353
-11.27637345276291
4.809661160801526
-7.535717158360164
0.7894459923461277
-5.554538027626668
-9.426605419702387
-7.634903006584947
-7.313689638256328
-7.937426879675063
-2.4197786321365373
-4.812542158508565
-4.943413438546281
-2.0205754910564018
2.7271536697650793
-2.169309687434756
-3.949627994898157
6.665276958778588
-5.694147213756852
-0.925729695475412
-5.589327636024028
-1.480047003068779
-2.330444669529336
-6.4000840526111205
-5.866711768800749
-0.47306967904220365
-0.3647675420865413
-0.6356362835301368
-12.295450394145483
-4.765913108636623
2.6215116999443557
-2.8755164716744086
-9.591837918629102
-8.096976630194957
-0.6595264328949144
-4.103279737722136
-2.6605442423176364
-2.354584588948227
-4.334547727329126
-4.414512604595057
-8.098174925767525
-5.113749973646527
-9.394086685443028
-7.946383244439749
0.2355985666969181
-6.037774984901448
1.7128812297003875
-6.124973868887025
-3.8580043075998387
-8.303004880563142
1.673610600427705
-1.192797974459785
-14.287079333240232
-9.146465989714045
-4.4081011752592305
-2.845890989484678
-5.796297816254519
-1.7655725988488276
-2.069093105893061
-6.9818496649766715
-11.008271892791063
-10.906189926424263
-1.9233810237135414
-3.691617849062542
6.311222214799276
-9.579666874846506
1.3000395607143498
-7.478976810688644
6.150745413733487
-2.658188756244075
-0.34118145405706013
1.3709203742811544
-4.498049724609285
0.13131116413115973
-5.889055712509288
-6.8794945014659366
-3.7779561357432354
-3.2226388074141696
5.365128971280197
3.5481277116454812
-1.1531721972836126
-8.385699175293745
-3.2695718963373643
-0.09919675820521245
-4.259047406355729
1.0834743692152484
-6.0715387389918964
-3.5004879977199748
-0.9677597631801977
-2.0833811006123715
1.7951217480800286
-0.6771701478120544
-1.1518685013932186
-7.864727983604047
8.225015281398676
-0.28915364055857273
-3.254630259133432
-5.715543210949572
-0.6085846849373693
-1.335732696454165
1.8094074667712312
2.8015963032065945
-5.225616147352543
-1.9868168116849168
-2.8812788703896683
-2.891663854711883
3.7380632285574484
-4.277358175615432
-6.395272902767364
-3.6786714251688717
-0.3844261434999334
2.7130793642816107
-7.125966421172887
-3.056813958063458
-6.452969370677047
-3.2362394736283986
-7.597926591439827
2.145501862040932
-6.72606445829564
-4.376735503854236
-6.7339215519685585
-7.020356564857824
-5.074869052589253
-0.0755159410750399
-3.2965381378604657
1.0370090198537947
-6.770439531234574
-1.518684507704641
1.839929809788284
-5.263062913415199
-3.697420393614218
-5.654644244881043
-1.1509668020306654
9.63145096230637
-5.785755972692142
-6.417257241679846
-5.19306222253584
-5.180742559888575
-5.194489219152021
1.6327077456927035
-0.9843264872604767
-12.924815609590269
-4.749479201666894
-6.53229174813768
-2.1324715676076242
0.14668227869486783
-0.8649579159668888
-9.961106896626088
-1.0705673741958042
-3.4476765062393606
-5.08914195694633
-7.914458809312332
-4.708448011215421
-9.904163510124606
-5.279602298367809
-10.594569991493987
-10.851618139602882
0.06100286217375861
-0.7979638306446333
5.825953750557268
-8.744953812764555
-5.043971142477519
2.1160636762361413
-5.496538393785454
1.5775906644240782
0.3028801812520404
-7.503093421612408
-3.9229585733902557
-3.28791550460052
-3.985410775509364
-6.287879250120915
-4.775478051446465
-2.485132610094033
2.45905044214963
-5.061207861440231
1.9225337600065742
-3.812366479100038
3.141327351111285
7.051800309898992
-2.909122363794978
1.7696491326464567
-7.6872132976796
-4.693136814466349
-8.104094967447327
-4.86813262728388
-5.398564489641112
1.7030816672484599
0.26671739338687345
-7.858355717047487
-2.9413437823819866
-1.4422904684008664
3.9556831437295066
-4.620767736519657
-4.619721898427124
4.5640770102697275
-0.8035709338392784
4.424449476331725
-2.94235253166005
-10.848614886342826
-7.6866876239602275
-3.755468494773025
-2.224625470436218
-8.78458414864599
-9.227909067482628
-7.5591001301822445
-6.202628631321135
-1.0165382529290392
-2.3708661461579035
-8.337016958041827
-8.336300514552853
4.007920488453572
4.746940116236639
-5.699189516446297
-4.511100169734442
-2.117687924250791
-1.2341693452180869
6.171926737431155
-3.130141175851144
0.21662890820476188
-3.8020253139246933
-2.1637937562697904
-1.2255740786546125
4.164400965195864
-12.087421600242214
-2.8164577600749556
0.08417617630175833
-1.2410454814131762
-0.5049915482169451
0.014540802551772924
-5.606988681507059
-5.218429367121549
-1.7645438574378969
-6.315048605529077
-10.373047260115612
-5.583237382691283
-0.9825014411924866
1.2577428954107965
-1.0301580191924038
-7.02936610018074
-6.832798726262418
-2.204814682257451
1.6645249557197368
-6.009625354088714
-8.438910564534035
0.37813905001378145
-7.82947619631518
-7.2950525946995475
-5.885185855621398
-5.952905100976629
2.196741112548399
3.4130491931790883
0.3949082258185057
0.2532637939205435
0.5193030390475536
-0.6632526313017907
-9.79143275932598
0.4381563678174435
0.828653736286295
1.5792519825503881
0.6370331409744293
-4.062030622765006
-9.09895201463961
-9.086663718857093
1.0645024450541123
-2.268053292509976
1.3608744910820458
-0.003380605248265889
-7.61629789023002
-7.0580390357397125
-9.777896640546043
-11.348972530446016
-6.24281117124444
2.8218447456803357
-9.469504873580089
-5.139856275721201
-6.912068850350555
-6.4572167477670925
-5.1578807338939905
-7.401907066876629
-15.858618052328444
-1.5362235785238223
1.9906789942636158
3.1815261106161676
3.923375955223671
-1.172041707532816
-10.725048423400937
-3.998521367038145
-1.5013160447905416
-7.09944422338904
-3.5209564204111734
1.8808302264362067
-3.8563804365346854
-3.3049176378266965
-9.188014830741622
-2.929683732361429
0.5830306545029922
0.6357732076151474
-4.0491170958542915
-3.9258080698086064
-7.4363415368951795
-10.297699240131182
3.646541445840585
-4.810673467812924
-14.389899381304456
-0.013208891768317299
-11.860425060576905
2.340191360883237
-6.442863349076951
-8.350423456802535
-4.225137584485664
-3.770365561192827
-9.83437647257368
-4.208713702079581
1.1640473538106249
-3.485241009638857
-3.2145912755298993
-6.46573436425844
-1.368387436855946
-3.3230791150862196
-4.582236209509594
-5.43681779148762
-5.063635977199637
-4.071115285709801
-2.335571319177488
-9.250888605218814
-5.466386784561569
0.4749737508048626
-2.522479121723168
-5.184882915018159
1.746897286348541
-2.5942099547504434
-3.3161147725073996
2.9001844661916265
-6.228914885758057
-3.4064849933483696
-3.153983163946062
-14.449234804477786
-12.44475447307244
-2.2131880513667137
-7.637381272827232
-7.704902271710475
-1.9724729031967498
-0.2690584692767988
-5.795853630237005
-12.920709671019402
-2.7592897890533195
-1.9591056669254003
-0.4941616828224414
-6.4063292889130405
-10.361552162877993
-7.258410945448131
1.6669377121008941
-0.0009512545157006613
-2.6891022974857393
1.8694607954735192
-3.307725893797447
-6.049623986010576
-4.904683830993614
-0.6325866909902197
-2.2985186508706255
-4.172234008093084
-8.967791469255516
-9.87216280199797
0.7153401670992896
-4.292354270102514
-9.70276229891511
-0.288035893364448
-4.312683888603443
-1.625645485299714
5.059665559459095
1.2630760563518864
-0.5942817843011375
-7.400282661239336
-6.499218563672845
-9.5852640868415
-0.3262422679025252
0.3768031846043064
-5.695659549617236
-6.310232976795117
-0.1745594781767407
-1.7960608768500808
-9.641635526252017
-2.66814262070729
4.917396124706458
-7.963243837445006
-5.390607891557452
-7.94105796048503
-5.8209124779396
-5.5001213334449615
-3.601153141987391
-2.296314471451987
-3.4007257770149963
-5.269348462235127
-6.95921019521282
-1.3433878573234717
-4.341077954895696
1.8722009259005292
-2.32857091727927
-6.174607163858798
-5.27817750639382
-10.697999719072754
-3.1377658919799343
-5.109069781601409
4.593089384443971
-7.897281234261666
0.35692161110021103
-6.943754666486871
1.8107997155035842
-3.345806792085369
-9.064054788583908
-0.9497675219899397
-4.633464567984873
-3.4738883599104975
1.6132271761050283
1.9560412789020476
-1.844237160891875
-9.906439404053204
-1.158534870683174
-6.07825930315136
0.8644520349689182
1.717864857224044
-4.549101140927566
-5.700040495778757
6.99260386228919
-4.460381997534863
-13.321084509961931
-5.297263627314112
-1.1426626642157645
-2.6293717074691725
-0.791696548762346
-11.184125086688317
-2.2968939450565227
6.079941124620937
1.9430029153678345
-5.521132913696917
-5.61463613403118
-5.875674769131218
-8.61486135514036
-5.086099571693358
2.1800383353499466
-3.8341735303564484
-7.740007063364718
-11.36159099481469
-1.5873197854586663
-4.796877416112508
-4.710952071607491
-8.001685915123119
-2.4029591770592114
-8.27985701535057
-5.381430859521911
-0.2772216436358872
2.2533913160491483
-9.393100134223287
-12.22883848684396
3.6454217137573477
-4.685032363460515
-6.08408221903259
-6.514229952427164
-2.9033345031461497
-4.616853478030055
-0.668891190612539
-6.234894179147581
7.8389360150651095
-13.65897607324952
-3.2219432098728538
-5.895300500762042
-6.326571605198401
-1.7395369641501954
-4.368667494949314
-12.937465464208426
-5.302171754133079
2.04637608808213
0.24655866713030777
-2.2607486263734247
-0.37300710796194325
-4.972060972453984
-11.316029448383595
0.7648285722154082
-1.2245678450121908
0.23168208042797475
-1.2278590460814856
-9.112809211031053
-10.86556870781328
-7.689099174251902
-9.091258663293257
-7.7223554614166146
-4.199531083572553
-8.232992214899134
2.551402899123137
-2.1361331156024796
-6.674037166849877
-8.972031097309689
-9.099462983401255
-6.9734795398608895
-8.204558388401265
1.567253440044432
-2.495701720921427
-10.752216885863279
-7.773118659692331
-11.362884137354964
3.234190346614392
-8.766520960753194
4.142360053454489
-1.5122061310680488
-8.760109567773428
-8.928213006351365
-8.077771679608801
-17.544502503656616
-5.436589572464666
-0.4185348272220054
-6.745972472717504
2.5502495739716187
-0.46209642311416776
-3.3575292172110633
-10.140312638300921
3.7120601215793245
-1.4772172331524311
-1.6043688241796863
-7.577494159934062
-3.2252603845363463
-5.72152740707003
-11.63200354157117
-7.407131719591501
0.6073186384301474
-4.97491584121835
-0.35358126855330024
4.888580836872139
-3.780509077437747
-4.271671028102531
6.209304518639325
-2.9219998463188412
-3.6444283370709436
-4.849333585546229
-2.1486531604576
-0.7284742774656662
-0.6928673085099568
-3.1581729818440127
-4.648389819865196
-5.336207208915491
4.315201152791788
-1.6308490664136994
-5.862602059482579
-7.2124805691908325
5.259764975259449
-9.879198668830028
-2.048883785579567
-9.981323277642012
-2.163353581355347
-5.966422414619426
-8.193969870560403
-3.8035348199181254
-0.8751870076024318
-1.1207658544246983
-9.162423956056347
-8.634746048964045
-11.344908040429384
-0.8623967303665174
-6.972230531293762
-6.242338375416778
-5.843012652333896
11.290271772253302
-6.099631718723055
-4.178330149765192
-6.464476414024666
-16.496716194795688
-0.12861474189783556
-10.435012248631411
-3.2558048141534974
-8.930850155361384
-2.085385357255725
-6.501689870246813
-6.207999015863969
-4.918346401108788
-5.2345407498604155
0.902617213416583
-1.4700315332975338
-0.36555189396553667
-3.784987641350991
-6.212751451322737
-8.369438018714552
-0.8260661090863712
0.473468193792175
-0.38305318107344966
-9.532057023725192
-0.04244242662021169
-6.451031954626677
-4.366818355117479
-0.9076306298500987
-6.829962362283115
-1.2755104822788261
-12.231541776918146
-1.0691705502116915
-7.045530749555825
-3.057051716344004
-6.06083252736517
-1.485870812232344
2.184642764426639
-3.1144631017122055
4.9838870378612565
-6.120421110391148
-5.3825444523636135
-5.026748823255105
-6.436422603549272
-8.317416065133004
-1.7561294388003297
6.090552100049364
-4.674366726835105
-5.970804445211438
-3.700358992971955
0.5654106646802977
3.3081721567560027
-1.2639813978357937
-6.84985505767052
-0.961912451845956
3.6501617550160224
-8.212677270460391
-4.2295542937337975
-1.4925142474717803
-5.684477454777666
-2.3772889399577846
-7.167437799184297
-4.926819302103692
0.9866196029329066
-2.3398879699771173
-1.2458365111531404
-4.466830813440202
-6.3147935260667865
-3.739697789433004
1.2576799082721006
1.6594091097411
5.155751533716745
-13.209298809159542
-4.695463906536942
-6.5463797593056885
-7.289099509715269
-1.9104746973902629
-1.5484439415678168
-4.542285768379821
-9.719639117401695
-1.0118819527409495
-3.305795393903827
7.101255151709479
3.746796829023583
-7.695079846046186
-1.7447583139821887
-1.8457571156836736
-5.451474532656531
-9.144658666343203
-1.6626162396681563
-3.383424630981938
-2.6631683089911142
-5.450089419848966
1.574026762235945
3.565707274808866
-4.519093266737813
0.03628503161423602
-6.000071171447092
-12.446123217036046
-4.886218824842328
0.5922380146077609
-5.154544098762308
-4.773870929052756
-9.566857425285574
2.241230693926975
-4.3632597508241515
-10.102193633172474
-6.94059005128776
-6.982462027293436
-5.251061714120112
-8.101887456882348
-7.3409865743688085
4.983932819341684
4.934459001240294
-0.19723809314840393
2.8724087288759144
-5.873871835774594
-4.821952164869037
-12.275651554648782
-4.651665912392891
5.028204707930147
-1.6532391612066424
-6.7870024650256084
2.9048942050809297
-5.102709256362516
2.9520545430442735
1.6429093315990078
-6.703854053941768
0.8286444527359603
-10.53695508833969
-6.78783743369454
-4.458522098934872
-4.6616441605284455
-3.254585745534761
-6.796749009684987
0.8559641699675617
-1.827297790846446
0.008127367468424462
1.7742465115357757
-4.886342468150447
-3.0925102518048955
-2.2949588780000436
3.3608274815081782
-8.109680705563584
-3.3439978787810896
-2.0104953125550846
-0.3451701420544127
-1.0989911521944762
2.4903960934459466
0.30027283457019394
-9.5010013396182
-3.530582325442053
1.9933242211097109
-3.6521829842507194
1.8482200557690491
-1.9354336987905036
0.36821972056859764
-3.5091715643236796
-0.9452306566789987
-3.7278435240256447
-5.619035869324919
-8.62134920559205
7.4405079868973445
-4.2104836035109425
-5.2805340528625555
-3.803756043005736
0.06434323763145966
-8.54899328229916
-0.0023812746205373325
1.3004128169041835
-5.769698964527153
-8.48192957310118
-4.678984306865034
-2.95242520612016
-3.903245590644593
-5.467563497907564
-7.5542098700625715
2.9211877916197238
4.858790269239723
-1.8616615060037691
-1.0270082249353714
-7.571663821161834
6.611231868949961
-3.2614744984746054
-0.7764846293124026
-3.733060191720959
-0.8856098835899763
-10.93981332512069
2.352904763560146
-3.257860122482621
-8.129425631182277
-5.555836554160119
-3.712042057814079
-3.39640217106329
0.026412627601080735
-0.5494051471507114
-5.597440890861856
-3.007454199883014
-6.859314124122871
-5.942034711451856
1.1600805677204666
3.516173228620418
-0.8863365845292412
-5.815025712282886
1.5131331850312715
-5.292659801766315
-4.758824595117803
-16.2864726247832
-0.01773376137919469
-0.707851722838428
0.5034998125991693
-10.092251797875088
-3.0799840871824533
-5.416038547345944
-6.962945191503328
-8.200361253200438
-2.4745390754494565
-4.410560011565875
-3.4127839051404236
9.705788549326252
6.041991703384356
-3.5059498056311824
-10.559543912922171
-9.316104661893602
-9.763698285771875
-4.054394816566255
0.08068343948417445
0.8895914584950331
-5.878263726229539
-4.314284489807163
-10.165139084213115
-11.037391389246592
-5.305341544676575
2.317909673588508
-0.3051409732697433
-3.5057367133543385
-8.353968926419215
-9.930507174265848
-2.580841559404835
-1.4744771829468628
-0.5445889087521556
-2.0684358141888315
-3.605760304379702
-9.133507908965047
-5.55324894276114
-8.6323761010397
1.4341910435132856
-1.3808263096144133
3.3944337788614263
-1.327743155145615
-0.9787808083145957
-1.6813920631554766
-6.098315865647175
-14.873453841582819
-4.008364951538831
-2.741426805165062
-10.053601817013385
2.619973679444284
-2.586396300489951
-7.415229976065389
-1.43668548758195
-6.453357507437897
-8.613533712113666
-4.815509762199283
-4.185845818416239
4.182565449074529
-7.935744170329035
3.6598431802916283
-7.604095343512672
-6.463410444005855
-4.321281088426356
-12.581941913245018
-3.0015025160876156
-3.8433955837116534
-4.423104532209981
-3.033657843210321
-9.683057200113419
-0.9762831539954102
-3.260781164153359
-3.4582893392055385
-6.625719524741911
-3.1289593293303253
-2.487969910362255
-3.3652846236788774
-1.6205612438398584
-2.0046565004402526
-6.281243849286994
-1.7775811895501121
-2.02609778886463
-8.461635178679954
-4.429900479569051
-8.075584953040025
-6.690269110598161
-1.523368933849266
-1.2322721931964962
-1.8066690325045436
4.673457016211638
-2.934938173256382
-3.022391556862972
-5.686676849322957
-2.025875162197618
-5.325572686376458
3.983502455211492
-2.4071568826725773
5.916482255192339
-2.679912712067242
-8.929560290147469
2.9483532880688865
-10.02574519606192
1.9400127276227892
4.088541975892427
-4.043920943065283
-9.1234075653601
-3.2806867235059034
3.8756114194789024
1.861010843216556
-8.85147480396077
-3.5158459374159854
6.204072980842948
-2.6909140399598925
-6.042989508771219
1.5411588351451608
-6.223893762619922
-5.496146359991178
-6.8186186845862355
-1.8899138239410291
-9.624912088656627
-1.6846034201334321
-4.963557782962131
-8.844980552045971
-1.1729853357403086
-7.273331411117527
-5.53062470570613
-4.920028277585217
1.2020074730119212
-3.9100171102572703
-3.022885874869459
-3.0116640166970052
1.4684674417500796
-2.419215173088415
-8.892032200338608
0.5720976283924455
-0.39554994614405015
-1.1920172450454933
-7.327298863626186
3.4765612597111417
-11.06328589846902
-4.089228285451384
-4.159591128997171
3.1289735101729867
-3.3509649841722324
-3.7659990988717262
-9.29643952345169
-5.314601929407704
-5.429463485236402
-0.028036562798610554
8.73460248495755
1.319159545193104
-3.9680609090323857
3.7187963259359513
-1.5373538645814044
-1.5815840558797254
-3.1884415647247906
-2.4463563470905294
-2.9846788440585588
9.243946313735666
0.6545693759350873
-2.518671531655539
-12.969283842245625
-15.008541425257798
-1.7435333291814876
-2.3963928269555845
-7.3913675412507684
-4.374053282392011
-10.441855442710565
-1.9797844467298988
-4.003584366100001
-7.6457982970563005
5.889362189677148
-4.394309087099677
-6.237966180670858
-5.825984892461723
-7.913476131672124
-8.485787033675258
0.3957083662405084
-2.260517331636649
-0.9627552704545331
-3.6498763901022038
3.998323510078185
0.3826172371564247
-5.405257473873961
-5.512817408861793
-5.130450515320354
-8.238066324119824
-0.22977830610079297
-2.1346395245914063
-0.40111459507463637
6.21910794732783
7.661243060684107
-1.4417576606761804
-1.4990805988038514
-1.1281895131748385
-6.590736641643588
-0.47821011615280895
-2.834387786960958
-2.9317558487015454
-4.755513118685903
-3.669285893090963
-1.0059780103988303
-4.834922539322539
-4.397987415487572
-4.803697560063159
-3.7059322700127204
-6.573795233111924
-9.912309821147055
-3.4396158892667623
-4.461560618193316
2.281965063893701
0.07431684416858048
-3.9573941363042877
2.781859512497347
-6.027822822754994
2.2907852338632537
-6.2529141660057075
0.9250860354590764
5.573803913787081
-4.134051228387446
-1.9646372079911134
-1.7336643862993713
-2.057560459987567
-8.982667748304406
5.109133090575998
-3.24040546310234
-6.09731561621048
-1.919268978187178
-3.0152563233821317
7.1138432712536686
3.1401071135627556
-9.960658151650346
-11.2968741669806
-1.8221741640379396
-1.622332306995482
-2.059648082837641
-0.2835889182195117
-3.4847412049882776
5.829877237520211
-4.703050400485978
-1.134127932689509
-2.8152761543924854
-6.698186323069202
-1.9637065783909193
-9.861298695663724
-5.347928835793324
-7.894089640545479
-3.5346411314571538
-0.7400461545794738
-3.6295016530431523
2.400711229265503
-4.679159063408493
-1.1814348273502846
-5.177773418725564
10.743172834697104
-5.8604922109579105
-8.269864352324035
3.7554675807091975
0.5444901798089092
-5.621351971794635
-13.184628148426214
-2.978700293092606
-3.181762365687987
1.1613627332394003
-5.819551814307841
-3.3335509945232356
-7.72828956475007
-0.8069141536139077
-6.219173199239099
-1.4567590037575124
-4.551753955807712
1.0884104538662709
-5.510519438373192
-6.602704860484598
-0.32702963458703965
4.174512004426765
1.356708274170238
-3.470758665073793
-0.09700176225560742
-0.07259555279135275
-5.296688803797423
-7.73915719602657
0.7849365943869724
-0.640783279835204
-0.2429147411834237
-7.152656349501279
-4.098324963429145
-9.491710297350117
-10.426875318087149
-1.4698302546669644
-2.2082516723128895
-3.9940008351657923
-1.6276261985635858
-2.7178658745584237
-9.89806362213555
-3.5056782440504515
0.6789997464819959
1.0224991083981778
-6.277203284579631
4.263224098547644
-8.178470507726976
-2.6360448287651206
4.178963491210975
5.488685253033338
-5.533388218473231
-4.9651125760191865
-4.35063650125936
-4.225580614986807
-8.505385915898499
-7.261721082331286
-4.308929377720688
-10.32360919122309
-5.001423396468996
-6.1738720843466455
-1.9168535781222888
-1.9204331879358598
-0.37016177596774863
1.0312536594159685
3.1598884279751367
-5.500751555199255
-1.8573886602098364
-6.463581038567661
-3.615506406749555
-5.673504741046121
-3.0436619317648335
-7.306982994237518
-3.8985916917815135
-2.257366026405593
-7.316193084508677
-1.1354070648800674
-5.184808268034689
-2.7265991971141927
-9.859794190132181
-8.821747076473457
-0.7249608336579085
-0.5962532936678919
-2.3064160685204276
-2.7766308573670573
-5.38578570546943
-2.9338629544052153
4.04802122417145
-11.53216998302614
-6.936987061470104
1.551435575614165
-4.7207196050654385
-5.099960858226536
1.0925923705966882
-0.6324441883151876
-11.322793665428716
-8.605588481335188
3.2639529916152252
-6.900809564365701
-7.642708108445678
4.807976672548656
-1.5463610309791862
-6.504782589196289
-7.77020870590685
-4.5506868728177725
-0.9700871156932693
-5.148990263315534
0.8051543148138866
-0.40189617333486755
-11.074013936427175
-2.9547704319031123
-3.58079604651561
-0.8267315033039362
-4.8606436367763015
-4.762031100862116
-8.165481953223509
0.40462046503921034
-0.06103229609648797
1.0340066095963079
3.069556881653699
-11.78322345028376
-3.758623019736155
-3.0142516365413
-5.4320865027907175
-2.741833800366905
-8.085965734504631
11.342535621187727
-6.2732071918618235
0.34335893794538386
-0.8107520896892715
-6.360993666485485
-0.6603362478795824
-4.003033713251366
-2.274176798264876
-8.26331920045836
-2.0941063366728385
-5.911644090016826
1.3772556130173152
-10.821029522162686
-4.466018731200841
-5.877420855335832
-9.303190032976275
-6.846676392183799
-10.854451519578612
-8.345181309548625
1.798264736427945
-5.203500720480455
-12.250305124188232
-1.3072236868522877
11.669131475195156
-5.142117297836193
-5.687862558547508
-4.691262116049647
-9.522833993720559
-4.090673930863294
-1.1904740025897973
-3.1609868710328994
1.260264515195269
-6.918868027413559
4.246378575922225
-3.1102573053319267
-7.0763654975391
-7.0100884527242515
-0.7892564232004731
1.9147706653221028
0.6943418509647503
3.0394477609172577
-7.670097362611958
-3.738422930743951
-4.62335774618927
-2.1973796190354595
-1.968934429211418
-0.2569093059784498
-7.682528563714784
-1.7618361232913295
-3.795380254157713
1.4795775243029352
-3.6090100879206184
-4.714000932291867
6.68792652966528
4.5487199950822275
4.699279846401098
-3.5740197259087583
-1.1336173702208758
-1.7674004247331823
-0.06243859749988112
-5.791808743781167
-6.398878019385499
-5.75924030660569
-4.428970711664721
-2.656999854144152
-4.875528719579949
-1.27324783935636
-0.6727800945551274
-5.589142128602529
2.8745933228481273
-8.256266364978918
-6.299189253624524
-4.6473281755674485
-5.802210520259819
-0.8924908956280628
0.4787015184202482
-2.2630583260060235
-8.198279533839598
3.176194481967648
-2.1969697963073385
-1.5172648394149033
-5.886647692198255
-1.4286447501701534
-6.269082718482494
2.5585909810586935
-5.5861723273914965
-9.357258650206878
-2.5829110024404
-13.33818697391027
4.736609234469703
-0.13808747488729944
0.2988076330670393
-9.73319033734426
-8.695335327634748
-5.750804881570048
0.673913693752179
-2.266225059696681
-10.505338385278781
6.514724421880222
1.9722389064482346
-0.6629987244516102
-7.330516506191925
-6.363879335014231
-3.810966335236519
-1.4874958104611677
-1.9403348268868505
-3.161036953568942
-6.615052694297088
-2.4663487808311153
-6.619744762211223
-11.219989734029948
0.40218932383532946
-0.9309066000019528
5.848029670562622
2.506416911991909
-3.973018789518572
-11.027783523159036
-7.8558951961884205
-2.2825007983716343
-3.580364354225174
-3.4519084786593006
-0.034331109429843645
-2.577920121320724
-2.321545762648555
-7.142028625363853
-6.92395867205611
-2.9085616400943097
-0.789308251544699
-0.8810319334925563
-2.921383559147459
-4.178680678784667
-3.7186917612177126
-2.163657623029391
-2.274006332502454
-8.570954312789743
-4.1077101016797615
-3.944154179430136
-9.221676270258559
-11.206630277181562
-9.631249317047653
-6.4072109383944005
-9.01579403325889
-9.206085519743482
3.4178246792618516
-11.341352230611989
-0.5512521295714244
-10.44785388766334
-5.918989298696103
-4.138930449383604
-1.1475396994802707
-3.6837172164232492
-9.636250563018871
-4.89425519812355
0.5651418612923715
-4.778688696648964
2.5267506094461076
-0.6742802161420728
-6.110540453231601
-1.6129777764841409
7.255762595642134
-3.1332495724154925
-5.036779311763203
-5.060058805728383
7.022182229943157
-8.472508391264881
-3.0544932180692417
-5.712063952711475
-4.751654317026096
-4.193178896972371
2.1212960826701637
-8.491994399841412
0.07904517313652759
-7.173492915959967
-0.9293800407949597
-7.065041493933379
1.461378140808351
-6.387966383355835
3.757225922347779
-6.108844709316312
0.24741778897638111
-8.10597148207231
-8.994952300088427
-2.5910865222641357
3.27839133694577
-7.490322406455749
1.1272526630163817
-5.994928883180454
-2.033675612200458
1.4031579960097176
-2.084306798107755
0.5399320571130752
-5.79562068668722
4.418885583500041
-0.1283815216450277
0.3756003354902082
3.2215498436484578
-2.906172632281966
1.946293229245014
-3.902397776574272
-4.55262694102649
-2.70163345003236
-3.8439388164696027
1.6269725798966175
0.8369868183785831
3.916818619031755
1.7990169697521912
-6.205693963718221
-4.745812706787785
-4.968618595945415
-2.030845280957774
-2.932650203932482
-4.032252774234274
0.39372305083319364
-8.598800963456863
-4.543422368400969
-3.9698794626768494
-2.7640329080486077
-2.9516688221571385
0.21620827234350934
-0.22023160026200062
1.3203781908678993
1.504530473167276
-4.517113492376101
-9.033587345993427
2.5768952175576536
-8.307856811067282
-2.1420056661526776
-1.9768475944233916
-2.5589841369567967
-5.790085356980551
-4.681714941908865
-3.431672791136622
6.261155265228413
-10.1445927157076
1.8141508540875964
-6.813768120330846
-4.83461247117324
-7.374727190833216
-1.581199655342706
-11.240652553920375
6.988431553439482
-4.415135010677322
-4.87895956028653
-5.046662491345723
-8.744244719667364
-2.4767851486162837
-1.0029670091333605
-2.868932646975207
-9.143453253830707
-1.8860177082010148
-1.4911454210572155
-2.4061033904964764
5.65011077288713
-2.4151319929131674
-3.7981407999970798
-3.205445324227579
-5.000872441050025
1.1791760475492465
-10.017177491773287
-6.264687994799731
4.583927692192207
-0.3916144467558483
0.09672909868801094
-2.0109493362511537
-2.79313106267054
-8.300566511772956
-4.952711378325615
-3.4501152386254796
4.204602382378553
11.221724707687995
-2.0249562667180685
-8.245943540271242
-4.640355013498658
4.607106510986966
-2.7430987745144626
-2.3653988818963234
2.059463729686104
-3.3327325420250307
-1.6100649773928843
-0.9853612100556755
-6.207696101288815
0.0829244327666886
1.8578398859617378
-4.455477320033702
-0.9314547865253027
-0.1379475045101758
-2.5963052137787717
0.7194672696216009
1.3388283452834293
-4.215672492522919
-11.02359667493829
-2.7730858547859234
-9.181663098158449
-8.11968180084347
-1.3409467136256086
-4.838741456901206
4.441544633125328
-2.459002155612998
1.3116437114284403
-0.08698135942189156
-3.4734922546526255
-5.391852430102889
2.242697276228162
-7.089708332488235
-1.469398734856695
-0.9193373899951882
2.124112210490553
-6.715550348677925
0.19001457311355452
-0.7934788268499368
-5.614335477283295
-1.393190630426004
-12.359727974217824
0.03789120062665813
2.0169073536410353
-4.861777585050817
-11.115943984158978
-4.39072643479947
-1.3246288494582241
1.2645367556050975
3.4221124185201903
-2.957103971058094
1.054359714374973
-2.23022622895098
-9.099402744312503
4.561177270694026
-0.22240454746454486
-6.541750464704328
3.3674144627985374
-9.077987283464493
-1.6235365105312467
2.76977593788001
0.6244659759095809
-2.9276121664385633
-5.014832791317337
-11.804878360849479
-10.215261026148307
-3.1876792494307558
-5.801745925199307
-2.8279045754898497
-6.466987469215707
4.505960566433814
-11.763944988638134
-1.0099169476509668
0.8111512591700221
-1.8884015960379823
-10.13489300789522
-1.8148770479067302
-13.934077788244696
8.861327820443396
0.34364257313049223
-11.33073054660045
-15.055603757635996
-2.3637126486828213
-3.0950042706904823
2.962272983409515
-0.30119689638149416
-8.097923289120253
-0.5064809788699651
-9.650813014887298
0.31406924351377763
-6.009393226378151
-0.1526793247593965
-7.536580066100701
3.7548868337178103
-5.190806434369632
-8.920059667512856
-0.37484779525618384
-2.117027805016959
-6.471445197811143
-8.449742250476096
-1.3873454247064976
-1.2618866987723378
6.19078532542236
-0.7830535902118488
3.174683192449186
-8.514760836584276
-0.9989342604997884
3.1584166563317493
-5.757552667555304
-7.5208622156189335
-3.098407564666783
-1.2468684442500935
1.030518361894531
2.7413424235081147
-3.74462835422732
-3.666739269952511
-6.080961186548719
6.718134462029117
-1.8629226606142866
-4.8414633195011625
-0.1952500797967942
0.8225000219752265
7.589437409832828
2.866732375131081
-11.604792074350712
-6.081364716324591
-2.2962929183977256
-0.8848428715490021
-8.926039855139962
-4.497492412792121
-5.5465461011285235
-5.257040113478752
-1.1451351722804435
-11.949364440889173
-0.848171102778549
3.073289027891666
-8.252141961151532
6.125923002398385
-0.42455315391220794
-4.675816758496374
-5.626757162862663
-2.423420358273007
9.845784844215222
0.2893270819671774
-0.9837174055281628
3.079037937172326
-3.6576217482539013
3.61515999142225
4.338703249427357
-1.6943461859700875
-0.26881246397615266
4.834295381917738
-14.444677452779587
-8.588720173912046
-6.158829720059864
-4.397280607010025
-8.948678339463708
-11.254108685514764
-4.903595731252697
-3.650115355348605
1.4593244899952653
5.7842942137023705
-2.0448938458468073
0.47249847610879225
-1.9810067241693625
-3.237901288587299
-2.209430329530507
-4.737850734595149
-6.294993992064811
-3.965146123769294
-4.680328080267278
-0.3640474984148183
0.7345506123861281
-1.7463938372817642
-2.8193989392164984
-4.27291365571234
-0.12307403435531294
-4.37894796296513
-4.849413135788984
-0.5492500766629159
3.1625171706687385
-9.066924959402817
0.10064772016848599
0.29068241652539395
-2.1352857428418828
0.20304320094417638
-1.4578265429772697
-7.8923718204306645
-2.916902505671588
1.6820006614299126
-1.0226680906883425
-4.8996589958510315
-2.6534271546116153
-3.2391306845220855
-0.20990093745878613
-6.562709264181194
-0.9839363512113364
-5.492791681920587
6.603531889466755
3.2124965933819265
-5.900011732294453
3.271141742201843
-2.9272692351031484
-3.6103256679105176
-3.8089774451974705
0.3611196702796995
-4.7911786813359285
7.555970220872755
-2.3167976573055507
-8.889295136064995
-14.81082464359318
0.8600382766610192
-7.667572600441668
-3.4564443179554454
-2.7681959128066813
-7.02320182296859
-2.0367507523568897
-9.395378319838642
-2.7990365541605127
0.46122392613725355
-4.5791825324964694
7.179410692441143
-6.819641739331114
-5.282543662741131
-3.627189180940503
-0.35456276055183367
1.3727498684807409
-4.082217168061568
0.06319647544116713
-6.741202937150298
-0.9301289995259203
-2.6656159842007012
-0.9377770172397937
-1.8894518325206602
-7.486513765430866
3.831444539328716
-1.9225485879697328
-11.206351641567778
-0.11318289063551307
-8.946156452022157
2.594991293671193
-3.1794470513326196
0.899141164154047
-0.3551067726771474
-5.654647030401524
