11401	9716	10259
11402	9816	10661
11403	8884	10282
11404	8942	10320
11405	9389	10729
11406	9440	10895
11407	9246	11090
11408	9536	10388
11409	9670	10913
11410	9287	10480
11411	8836	10686
11412	9392	10598
11413	9538	11176
11414	9707	10514
11415	9068	10553
11416	8748	10054
11417	8916	10239
11418	8852	10609
11419	9025	11391
11420	9465	10798
11421	9900	10361
11422	9045	10877
11423	9147	10558
11424	9258	10463
11425	9561	11001
11426	8890	10315
11427	9081	10866
11428	9327	10181
11429	9166	10719
11430	9136	10029
11431	8692	10880
11432	9241	10052
11433	8896	10776
11434	9588	10339
11435	8690	10684
11436	9562	10448
11437	8897	11092
11438	9206	10708
11439	9333	10868
11440	9511	10633
11441	8774	10959
11442	8821	10076
11443	9266	10919
11444	9273	10885
11445	9368	10195
11446	9735	10506
11447	8776	10890
11448	9468	11140
11449	8756	11102
11450	9876	10068
11451	9038	11359
11452	9608	10107
11453	9586	10337
11454	9525	10293
11455	8753	11275
11456	9003	11171
11457	9515	11233
11458	9425	10486
11459	9902	10927
11460	9079	11131
11461	8676	11271
11462	9749	11144
11463	9157	10999
11464	9232	10931
11465	8888	10874
11466	9289	11103
11467	9046	10545
11468	9063	10787
11469	9103	10888
11470	9395	10192
11471	8782	10231
11472	9644	10530
11473	8794	11209
11474	9646	11230
11475	8994	11331
11476	9385	10845
11477	8606	11185
11478	9299	10667
11479	9087	10337
11480	9430	10218
11481	9747	10832
11482	8830	10552
11483	9172	10927
11484	9260	11316
11485	8603	10144
11486	9838	10242
11487	8843	10510
11488	8682	10088
11489	9136	10633
11490	9357	11065
11491	9335	10306
11492	8861	10907
11493	9821	10218
11494	9300	10709
11495	9509	11119
11496	9385	10300
11497	9376	10320
11498	9051	10887
11499	9656	10427
11500	9902	10276
11501	8624	10513
11502	9475	10317
11503	8775	10554
11504	9503	10672
11505	9556	10531
11506	9618	10327
11507	8619	10466
11508	9016	10822
11509	9095	10333
11510	9063	11308
11511	8952	10693
11512	9668	10488
11513	9009	10963
11514	9644	10093
11515	9039	10807
11516	8872	10673
11517	8612	10346
11518	9015	10339
11519	8928	10746
11520	9202	10907
11521	9541	11195
11522	9805	10187
11523	9491	11087
11524	9059	10462
11525	8750	10581
11526	9676	10189
11527	9980	10631
11528	9547	10411
11529	9707	10030
11530	9995	10356
11531	8994	11162
11532	8901	10935
11533	9769	10957
11534	9454	10554
11535	9715	10042
11536	9098	10680
11537	9762	11027
11538	9359	10834
11539	9520	11078
11540	9203	11235
11541	9258	11380
11542	8859	10165
11543	9193	10276
11544	9873	10766
11545	9677	10968
11546	8752	10651
11547	9745	10273
11548	8986	10776
11549	8891	11107
11550	9541	10651
11551	9588	11039
11552	9314	11205
11553	8955	11119
11554	9440	10150
11555	9960	10625
11556	9210	10545
11557	8703	11171
11558	9601	10946
11559	9649	11370
11560	9868	10805
11561	9202	11169
11562	8955	10645
11563	8927	11079
11564	9181	10937
11565	9416	10122
11566	9865	10394
11567	9940	11340
11568	9304	10107
11569	9715	10065
11570	9028	10123
11571	8851	10293
11572	9150	10603
11573	9801	11004
11574	8863	10899
11575	9029	10530
11576	9453	10593
11577	8948	10290
11578	9184	11338
11579	9173	10624
11580	9785	11348
11581	8601	10415
11582	9622	10110
11583	9480	11353
11584	9968	10067
11585	9342	11235
11586	9123	10349
11587	9855	10925
11588	9155	10093
11589	9979	10387
11590	9765	10141
11591	9892	11279
11592	9153	10339
11593	9854	10251
11594	9664	10125
11595	9901	10119
11596	9317	10989
11597	9015	11122
11598	9205	11117
11599	8780	10784
11600	9032	10188
11601	9607	11178
11602	9924	11063
11603	8726	10471
11604	9241	10641
11605	9592	10175
11606	9020	10348
11607	8979	10542
11608	9302	10112
11609	9432	10593
11610	8814	10951
11611	9304	10972
11612	9955	10049
11613	8884	10669
11614	9835	10043
11615	8799	10658
11616	9931	10582
11617	9419	10803
11618	8670	10678
11619	9860	10929
11620	9675	11003
11621	9714	10864
11622	9991	10712
11623	9886	10977
11624	8898	10335
11625	9644	11334
11626	8700	10851
11627	8605	10343
11628	9570	10937
11629	9808	11094
11630	9360	10824
11631	9919	10757
11632	9253	10062
11633	8670	10902
11634	9496	10151
11635	8854	10016
11636	9978	10191
11637	9369	10408
11638	9801	11155
11639	8602	10886
11640	9749	10544
11641	8633	10917
11642	9664	10654
11643	9735	10525
11644	8617	10267
11645	9919	10480
11646	9692	10661
11647	9803	10413
11648	8913	10476
11649	9313	10209
11650	8715	11135
11651	9376	10602
11652	9405	11057
11653	9997	10338
11654	9206	10410
11655	9169	10174
11656	9830	10573
11657	9045	10357
11658	8703	10243
11659	8957	11039
11660	8958	11084
11661	9618	10498
11662	9142	10441
11663	9180	10528
11664	9541	10097
11665	9315	11307
11666	9256	10024
11667	9521	11271
11668	9911	11175
11669	9085	11251
11670	8845	10362
11671	8697	11365
11672	9655	11067
11673	9788	10534
11674	9645	10810
11675	8809	10565
11676	8785	10219
11677	9713	10754
11678	9347	10855
11679	9291	10915
11680	8721	10802
11681	8743	10811
11682	9379	10451
11683	9931	10811
11684	9677	10215
11685	9617	10395
11686	9295	11128
11687	9222	10657
11688	9015	10111
11689	8652	11092
11690	8849	10585
11691	8883	10319
11692	9607	10556
11693	9644	11310
11694	9719	10098
11695	8903	11285
11696	9513	10733
11697	9701	10193
11698	8880	10173
11699	8671	10476
11700	8696	10035
11701	8985	10347
11702	8632	10802
11703	9285	10850
11704	9599	10697
11705	8857	10120
11706	9947	10575
11707	8642	10714
11708	9723	11060
11709	8757	11003
11710	9936	10980
11711	8826	10085
11712	9577	10436
11713	9599	11214
11714	9114	11133
11715	9937	10079
11716	9565	11163
11717	9442	11068
11718	8623	10070
11719	9958	10135
11720	9162	10217
11721	9814	10046
11722	9576	10848
11723	9987	10687
11724	9326	10907
11725	9199	10193
11726	8935	11061
11727	9376	10250
11728	9138	10446
11729	9875	10196
11730	9623	10126
11731	9089	11274
11732	8951	10175
11733	9368	10909
11734	9945	10103
11735	9953	10702
11736	8655	11053
11737	9429	11355
11738	9953	10410
11739	9949	10182
11740	9726	10898
11741	8733	11128
11742	9297	10823
11743	9402	11335
11744	9708	10006
11745	9840	10378
11746	9429	10767
11747	9085	10568
11748	9494	10972
11749	9481	10675
11750	9453	10626
11751	8783	10084
11752	9394	11394
11753	9020	10524
11754	8723	11165
11755	9659	11399
11756	8790	11343
11757	9542	10404
11758	9935	10530
11759	9303	10453
11760	9329	11140
11761	9032	10376
11762	9145	10654
11763	9800	11163
11764	8745	10224
11765	9758	10663
11766	9064	11114
11767	8607	10642
11768	8686	11056
11769	9317	11001
11770	9555	10626
11771	9589	10257
11772	8773	10215
11773	9549	10147
11774	8606	10193
11775	9725	10079
11776	9390	10930
11777	9516	11196
11778	9753	10116
11779	9020	10465
11780	9874	11354
11781	9882	10276
11782	8773	10408
11783	8976	10017
11784	9541	11303
11785	9563	11143
11786	9708	10390
11787	8979	10437
11788	8977	10226
11789	8720	10772
11790	9222	11021
11791	8822	11352
11792	8798	10233
11793	9310	10425
11794	8882	10191
11795	9349	10469
11796	8894	10657
11797	8862	11351
11798	8839	10771
11799	8704	10735
11800	9357	11124
11801	9140	10084
11802	9558	10066
11803	9569	11328
11804	8872	10086
11805	8729	11201
11806	9500	10924
11807	9423	11330
11808	9464	10261
11809	9856	10087
11810	9537	11214
11811	8877	10361
11812	9441	11048
11813	9785	10770
11814	9198	10799
11815	8997	10797
11816	9199	10550
11817	8719	10273
11818	9785	11162
11819	9947	10194
11820	9508	10996
11821	9838	10983
11822	9554	10745
11823	8973	10361
11824	9655	10423
11825	9138	10973
11826	9121	11074
11827	9501	10021
11828	9436	11294
11829	8631	10057
11830	9782	11342
11831	9015	11320
11832	9395	10587
11833	9324	11068
11834	9635	10901
11835	8888	11315
11836	9977	11203
11837	8717	11197
11838	9174	11360
11839	8719	11073
11840	9072	10320
11841	8984	10069
11842	9070	10029
11843	9181	10147
11844	8640	10046
11845	9332	10788
11846	8684	10009
11847	9493	10526
11848	9489	10435
11849	9699	11326
11850	9562	11388
11851	9714	10391
11852	9022	10415
11853	9170	10719
11854	9297	10130
11855	9081	10387
11856	8707	11032
11857	8861	11283
11858	8845	10803
11859	8971	11031
11860	8908	10048
11861	8789	11087
11862	8840	11258
11863	8835	11362
11864	9055	11240
11865	8654	10112
11866	9486	10051
11867	9810	10940
11868	8666	10156
11869	9029	10171
11870	9138	10224
11871	9029	11088
11872	9870	10576
11873	9429	10400
11874	8989	11101
11875	8945	10189
11876	8922	10822
11877	8804	10227
11878	9358	10007
11879	9158	11303
11880	8808	11015
11881	9183	11370
11882	9687	10492
11883	9779	10280
11884	9512	10244
11885	9606	10995
11886	9350	10183
11887	9084	10301
11888	8639	10567
11889	9684	10701
11890	9692	10576
11891	9330	10131
11892	9608	10818
11893	8864	10918
11894	9706	10711
11895	9821	11185
11896	9909	11028
11897	8809	10260
11898	9636	11095
11899	9764	10119
11900	9461	10803
11901	8639	11065
11902	9161	10381
11903	8792	11366
11904	8844	10779
11905	9844	11247
11906	9033	10439
11907	8988	11035
11908	9649	11173
11909	8810	11195
11910	8791	10730
11911	9214	10515
11912	9396	10667
11913	8672	10104
11914	8910	10170
11915	8914	10691
11916	8640	10600
11917	9771	10380
11918	8921	10262
11919	9157	10726
11920	8741	10869
11921	9560	10349
11922	9161	11053
11923	9555	11088
11924	8738	10081
11925	8940	10625
11926	9824	11059
11927	9592	10860
11928	9359	11239
11929	9739	11003
11930	9996	10648
11931	10000	11077
11932	8688	10710
11933	8975	10512
11934	8672	11181
11935	9126	10711
11936	9221	11252
11937	9876	10892
11938	8944	10537
11939	9473	10461
11940	9296	11281
11941	9627	10568
11942	9970	11319
11943	9194	11304
11944	9686	11209
11945	8641	10648
11946	9904	10604
11947	8618	10861
11948	9698	11257
11949	8860	10870
11950	9734	10693
11951	9521	10735
11952	9108	10506
11953	9235	10323
11954	9974	10815
11955	9051	10117
11956	9749	11020
11957	9579	10693
11958	9227	11075
11959	8794	10986
11960	9828	10203
11961	9060	10995
11962	9076	10636
11963	8705	10398
11964	9956	10165
11965	8851	10960
11966	9260	11243
11967	9542	10919
11968	8780	11008
11969	8696	11102
11970	8787	11162
11971	8763	10462
11972	9621	10557
11973	9178	10894
11974	9413	10827
11975	9745	10441
11976	8687	10101
11977	9385	10340
11978	9686	10748
11979	9348	10217
11980	8630	10076
11981	8893	11289
11982	9225	10127
11983	9911	10283
11984	8946	10693
11985	9118	10236
11986	9301	11289
11987	8685	11117
11988	10000	10239
11989	8965	10803
11990	9220	10081
11991	9145	10746
11992	9767	11275
11993	8779	10625
11994	9887	10395
11995	9929	11047
11996	9858	10970
11997	8934	11220
11998	8618	11097
11999	9777	11259
12000	8781	10761
12001	9085	10933
12002	9150	10015
12003	9736	10821
12004	9756	10015
12005	9596	10268
12006	8762	11037
12007	8988	11304
12008	9442	10515
12009	9085	10215
12010	8677	11358
12011	8815	10813
12012	8950	10473
12013	8829	10107
12014	9024	10809
12015	9241	10752
12016	8846	10214
12017	9276	10031
12018	8694	11268
12019	8912	10216
12020	8674	10847
12021	8883	10644
12022	9842	10770
12023	9370	10865
12024	9186	10905
12025	9731	10817
12026	9855	11058
12027	8996	11314
12028	8941	10290
12029	9259	10612
12030	9174	10888
12031	9541	11028
12032	9102	11379
12033	9746	10878
12034	9679	11050
12035	8872	10644
12036	8880	10845
12037	9587	11042
12038	9185	11022
12039	9483	10176
12040	9674	10181
12041	9984	10927
12042	8683	10099
12043	9131	10842
12044	9549	10377
12045	9956	11291
12046	8957	10739
12047	9063	10627
12048	8727	11014
12049	9033	10167
12050	9425	10963
12051	9074	11108
12052	8985	11117
12053	8924	10558
12054	9599	10348
12055	9435	11397
12056	9914	10674
12057	9807	10383
12058	8693	10461
12059	9220	10757
12060	8905	10414
12061	9079	10127
12062	9953	10769
12063	9786	10664
12064	9958	11212
12065	9822	11215
12066	9401	11074
12067	9650	10049
12068	9624	10729
12069	9406	11327
12070	9628	11391
12071	9541	10319
12072	8754	10632
12073	8806	10651
12074	9628	10504
12075	9352	11312
12076	8784	10359
12077	8655	11137
12078	9982	10158
12079	9834	10528
12080	9908	10869
12081	9572	11316
12082	9200	11197
12083	9623	11334
12084	9612	10804
12085	9387	10526
12086	9509	10885
12087	9924	10735
12088	9793	11144
12089	8836	11304
12090	8677	10722
12091	9667	10648
12092	8801	10428
12093	9742	10151
12094	9465	10680
12095	9874	10016
12096	9920	10098
12097	9552	10978
12098	9277	11224
12099	9613	10503
12100	9796	10574
12101	9827	10966
12102	9483	11110
12103	9771	11286
12104	9464	11173
12105	8692	11153
12106	8854	10402
12107	8731	11336
12108	9514	10960
12109	9272	10239
12110	9781	10885
12111	9654	11014
12112	9431	10195
12113	8623	11381
12114	9516	10695
12115	8835	10632
12116	9956	11375
12117	9821	10445
12118	9433	10933
12119	9023	10043
12120	9191	10114
12121	9743	11050
12122	8909	10021
12123	9888	11104
12124	9969	11274
12125	8628	11021
12126	9752	11290
12127	9025	10553
12128	8632	11205
12129	8754	11125
12130	9485	10710
12131	9021	11400
12132	9124	11300
12133	8808	11159
12134	9858	11191
12135	9416	10549
12136	9537	10503
12137	9856	10624
12138	8806	11124
12139	8827	10435
12140	9069	10060
12141	9762	11068
12142	9115	10530
12143	9380	10591
12144	9981	10261
12145	9736	10829
12146	8697	10895
12147	9096	10209
12148	9101	10950
12149	9540	10662
12150	9053	10646
12151	9921	10117
12152	9496	10682
12153	9000	10918
12154	8824	11174
12155	8672	10181
12156	9932	10596
12157	9512	10974
12158	9559	10181
12159	9379	10664
12160	9528	11356
12161	9125	10285
12162	9811	10885
12163	8902	10505
12164	9376	10763
12165	9048	10257
12166	9636	10715
12167	9811	11347
12168	9948	10211
12169	8690	10770
12170	9105	10903
12171	8744	10291
12172	9624	11009
12173	8899	10943
12174	8660	10872
12175	9838	10709
12176	9328	10525
12177	9726	11265
12178	8844	11174
12179	8772	10563
12180	9645	10095
12181	9654	11080
12182	9059	10719
12183	9708	10453
12184	9862	10984
12185	9670	10417
12186	9007	10597
12187	9980	10809
12188	8983	10070
12189	9594	11318
12190	9771	10579
12191	9427	10302
12192	9228	11127
12193	8853	10911
12194	8997	11281
12195	8930	11282
12196	9852	10796
12197	8991	11145
12198	8874	11247
12199	9073	10114
12200	8820	10290
12201	8760	10954
12202	9547	11290
12203	8627	10609
12204	8759	11389
12205	9613	10956
12206	9164	11278
12207	9436	11245
12208	8731	10842
12209	8708	11010
12210	9955	10741
12211	9472	10226
12212	9318	11174
12213	8604	10106
12214	9504	10230
12215	9775	10324
12216	9193	10116
12217	8948	10153
12218	8772	11054
12219	8610	10600
12220	9730	10946
12221	9626	11378
12222	8747	10996
12223	9031	10924
12224	9026	11216
12225	9319	11299
12226	8835	10824
12227	9277	11048
12228	8792	10469
12229	9242	10828
12230	9199	10597
12231	8787	10375
12232	9129	10257
12233	8744	10481
12234	8688	10927
12235	9301	10344
12236	9170	10499
12237	9574	10360
12238	8668	10878
12239	9177	10269
12240	9374	10054
12241	9907	10566
12242	9884	10643
12243	9082	10221
12244	9053	10465
12245	9913	11203
12246	8767	10300
12247	9000	10646
12248	9861	10382
12249	9787	10482
12250	9255	11274
12251	9591	10468
12252	9396	11307
12253	9559	11215
12254	9557	10910
12255	9480	11063
12256	9364	10232
12257	9561	11297
12258	9237	11131
12259	9454	10174
12260	9169	10237
12261	9415	10607
12262	9584	10638
12263	9589	10376
12264	9574	11208
12265	9264	10095
12266	9338	10951
12267	9041	11081
12268	9739	11345
12269	9383	11264
12270	8709	10063
12271	9056	10444
12272	8989	10838
12273	9022	10966
12274	9876	10297
12275	8716	11086
12276	9433	11113
12277	9939	11314
12278	9764	10478
12279	9978	10905
12280	9412	10084
12281	9150	10091
12282	9076	10670
12283	8889	10622
12284	8794	11391
12285	8836	10340
12286	8912	11273
12287	8928	10385
12288	9480	10541
12289	9583	11235
12290	8860	11003
12291	9741	10206
12292	9722	11305
12293	9717	10735
12294	9989	10165
12295	9433	10263
12296	8663	10852
12297	9592	10530
12298	9268	10010
12299	9765	11146
12300	9331	10557
12301	9677	10686
12302	8728	10852
12303	9518	11164
12304	9033	10293
12305	9617	11121
12306	9064	10594
12307	9596	11248
12308	9276	10139
12309	9405	10499
12310	9108	10989
12311	9357	10427
12312	9277	10632
12313	9293	11059
12314	8679	10765
12315	8664	10844
12316	9544	11047
12317	9300	10273
12318	9448	10522
12319	9270	10043
12320	9285	10618
12321	8944	10330
12322	9781	10397
12323	8633	10615
12324	9237	10304
12325	9265	11335
12326	8777	10002
12327	9516	10680
12328	9461	10651
12329	9994	10328
12330	8635	11052
12331	9928	11131
12332	8769	10946
12333	9227	10995
12334	9959	11064
12335	9465	10245
12336	8938	10212
12337	8952	10916
12338	9665	10661
12339	8923	10274
12340	9715	11180
12341	9233	10951
12342	9539	11252
12343	8828	11288
12344	8872	11293
12345	8700	11225
12346	9591	10403
12347	9886	10937
12348	9123	11091
12349	9149	10871
12350	9797	10454
12351	9060	10313
12352	9430	10036
12353	8638	10436
12354	9462	10515
12355	9709	10543
12356	9053	10962
12357	9905	11330
12358	9118	10220
12359	9755	10051
12360	9485	10098
12361	8863	10207
12362	9789	10455
12363	9442	10001
12364	9332	10869
12365	9425	11137
12366	9010	10350
12367	8712	11255
12368	8859	10624
12369	8892	10937
12370	8652	10427
12371	8986	10132
12372	8690	11340
12373	9850	10104
12374	9948	10024
12375	8829	10791
12376	8732	11259
12377	9577	11181
12378	9570	10077
12379	9812	10063
12380	8652	10341
12381	9177	11211
12382	9882	10165
12383	8902	10288
12384	9304	11208
12385	9561	11320
12386	9175	11197
12387	9326	11397
12388	9381	11108
12389	9915	10319
12390	9905	10656
12391	9302	11378
12392	9463	10481
12393	9839	10871
12394	9136	11371
12395	9020	10508
12396	8709	10530
12397	8882	11166
12398	9595	11367
12399	8888	10883
12400	9484	10256
12401	8990	10885
12402	9520	10435
12403	9195	10140
12404	9106	10355
12405	8901	10732
12406	9857	11021
12407	9202	10787
12408	9712	10533
12409	8982	10117
12410	9750	10861
12411	9141	11024
12412	9719	10226
12413	9644	10271
12414	9619	10137
12415	9128	10874
12416	9953	10809
12417	9583	11246
12418	9688	10080
12419	9747	10574
12420	9271	10349
12421	9456	10254
12422	8730	11340
12423	9946	10501
12424	9379	10439
12425	9919	11018
12426	9472	11016
12427	9310	10266
12428	8882	10038
12429	9042	10655
12430	9313	11128
12431	9556	10132
12432	9051	10788
12433	8645	11109
12434	9591	11141
12435	9076	11076
12436	8786	10441
12437	9457	11341
12438	8622	11104
12439	9332	11058
12440	8670	10031
12441	9003	10924
12442	9193	10969
12443	9141	10243
12444	9759	11244
12445	9439	10386
12446	9309	10770
12447	8717	10587
12448	9438	10577
12449	9292	10299
12450	9265	10857
12451	9788	10807
12452	9000	10220
12453	9344	10203
12454	8658	10196
12455	8695	10151
12456	9131	11104
12457	9501	10954
12458	8665	10580
12459	9800	11303
12460	9349	10511
12461	9288	10402
12462	9218	10654
12463	9134	10400
12464	9451	10753
12465	8925	11041
12466	9302	11121
12467	9727	10537
12468	9469	11148
12469	9405	10483
12470	9169	11392
12471	9702	10023
12472	8774	10302
12473	9148	10803
12474	9316	10788
12475	9110	10464
12476	8749	10280
12477	8980	10830
12478	9097	10331
12479	9423	11289
12480	9725	10027
12481	9048	10697
12482	9513	10441
12483	9640	11139
12484	9860	11010
12485	9529	11037
12486	9371	10425
12487	9324	10214
12488	9680	11303
12489	9420	10375
12490	8932	10942
12491	9183	10327
12492	9601	10880
12493	8761	10617
12494	9449	11147
12495	9680	10658
12496	8644	11343
12497	9143	10236
12498	8768	10312
12499	9877	11061
12500	8656	11373
12501	9940	10906
12502	9945	10218
12503	9516	11313
12504	9446	10985
12505	9867	10153
12506	8877	10796
12507	9404	10232
12508	9646	10631
12509	9624	10714
12510	8800	10687
12511	9803	11384
12512	9517	11212
12513	8989	10434
12514	9408	10080
12515	8871	10762
12516	9563	10301
12517	9748	10651
12518	8839	11055
12519	8796	11278
12520	9868	10468
12521	9089	11142
12522	8774	10951
12523	9418	10265
12524	9646	10899
12525	8914	10970
12526	9232	10245
12527	9348	10802
12528	9600	10595
12529	9597	10835
12530	9351	10494
12531	8993	11009
12532	9316	11069
12533	9263	10732
12534	9564	10885
12535	8811	10979
12536	9605	11349
12537	8798	11238
12538	8624	10913
12539	9285	11167
12540	9420	10373
12541	8660	10665
12542	8773	10375
12543	9127	11116
12544	9888	10391
12545	9711	11037
12546	8914	10649
12547	9751	11238
12548	8671	11158
12549	9955	10692
12550	9104	10272
12551	9619	10576
12552	9916	10654
12553	9076	11399
12554	9195	10089
12555	8788	10437
12556	8846	10042
12557	9006	10006
12558	9679	10125
12559	9066	10782
12560	9980	10230
12561	9722	11332
12562	8904	10847
12563	8814	10692
12564	9485	10642
12565	8826	10849
12566	9456	10097
12567	9070	10101
12568	9195	11038
12569	9696	11352
12570	9361	10967
12571	9674	10672
12572	9595	10712
12573	9566	10309
12574	8796	10105
12575	9102	10796
12576	9914	10563
12577	9717	10338
12578	8789	10528
12579	9160	11341
12580	9544	11067
12581	9602	10385
12582	9698	10903
12583	8632	10589
12584	8864	11388
12585	9565	10638
12586	9970	10630
12587	8746	10190
12588	9107	10391
12589	8719	10488
12590	9710	10122
12591	9884	10155
12592	9217	11098
12593	8764	10266
12594	9691	10091
12595	8938	10624
12596	8987	10641
12597	9003	10708
12598	9356	10599
12599	9321	10897
12600	8832	10147
12601	9440	10010
12602	9350	11148
12603	9529	10011
12604	8760	10454
12605	8743	10096
12606	8633	10106
12607	9923	11353
12608	8855	10061
12609	8780	10092
12610	9705	10216
12611	9766	10995
12612	8638	10002
12613	8911	11307
12614	8619	10732
12615	8702	10549
12616	9423	10857
12617	9426	10222
12618	9301	11255
12619	9368	10026
12620	9834	10162
12621	9773	10850
12622	9742	10725
12623	9277	10920
12624	9246	10615
12625	9975	10853
12626	9383	11156
12627	8842	11319
12628	9453	10738
12629	8854	11344
12630	9077	10666
12631	9019	11244
12632	9140	11125
12633	8880	10510
12634	9870	11242
12635	8759	11143
12636	9553	10701
12637	9800	10375
12638	8873	10937
12639	8741	10249
12640	8991	10062
12641	9580	10307
12642	9735	11265
12643	9280	10110
12644	9587	10026
12645	9175	10653
12646	9384	11330
12647	9638	11083
12648	9234	10187
12649	8817	10874
12650	8790	11063
12651	9068	10800
12652	9691	10464
12653	9690	10739
12654	9565	11090
12655	9781	10869
12656	9065	11169
12657	9250	11044
12658	9186	10328
12659	9964	10702
12660	9740	10985
12661	8840	10775
12662	9726	10791
12663	9245	11096
12664	9269	11390
12665	9014	11219
12666	9469	10965
12667	8604	11203
12668	8710	10066
12669	9076	10567
12670	9254	11101
12671	9001	10062
12672	9100	10871
12673	9500	11275
12674	8908	10617
12675	9726	10190
12676	9232	10333
12677	9076	10320
12678	9913	10693
12679	9011	10513
12680	9212	11271
12681	9953	11053
12682	9908	10212
12683	9467	11160
12684	9095	11318
12685	9726	11128
12686	9189	10830
12687	9410	10307
12688	9397	10219
12689	9518	10759
12690	9412	10327
12691	9202	10570
12692	8995	10405
12693	8756	10173
12694	8888	10932
12695	9241	10295
12696	9403	11209
12697	9331	10545
12698	8986	11247
12699	9053	11371
12700	9003	10184
12701	8786	10124
12702	9783	10017
12703	9795	11070
12704	9043	10597
12705	9573	11154
12706	9517	11026
12707	9870	10639
12708	8666	10532
12709	9093	10572
12710	9284	10813
12711	9585	11263
12712	9098	11232
12713	9586	10831
12714	8739	11221
12715	9604	11194
12716	8633	11139
12717	9335	10601
12718	9801	10700
12719	9724	11011
12720	9350	10240
12721	9667	10881
12722	9173	10871
12723	9679	10765
12724	9541	10558
12725	9742	10789
12726	8973	10087
12727	8688	11143
12728	9608	10130
12729	9819	10416
12730	9803	10816
12731	9938	10598
12732	9064	10759
12733	9611	10426
12734	9204	10880
12735	8726	10377
12736	9020	10764
12737	8756	10515
12738	9543	10766
12739	8607	11383
12740	9979	11173
12741	9891	11127
12742	8967	10153
12743	8624	10010
12744	9018	10153
12745	9043	10620
12746	8818	10827
12747	9036	10708
12748	9874	10177
12749	9122	10394
12750	9467	10913
12751	9656	10119
12752	9973	11140
12753	9631	10360
12754	9290	10939
12755	9062	11227
12756	8729	10464
12757	8660	10611
12758	9242	11016
12759	9148	10338
12760	9273	10738
12761	9334	10967
12762	8625	11162
12763	9649	10552
12764	8619	10314
12765	9770	10066
12766	9489	11231
12767	9271	10093
12768	8609	11158
12769	8936	10379
12770	9364	10794
12771	9423	10669
12772	9134	10625
12773	9078	11143
12774	8629	10851
12775	9628	11143
12776	9374	11326
12777	9367	10908
12778	8871	10986
12779	8846	10432
12780	9909	10539
12781	8776	10612
12782	9514	10299
12783	9111	10533
12784	8611	10499
12785	10000	10852
12786	9007	10843
12787	8664	10157
12788	9035	10827
12789	9333	10704
12790	9815	10606
12791	9424	10971
12792	9697	10569
12793	8644	10144
12794	8672	10757
12795	9649	10768
12796	8884	11126
12797	9904	10279
12798	9507	11119
12799	8697	11038
12800	8683	10800
12801	9902	10783
12802	8703	11042
12803	9161	10994
12804	9379	10294
12805	9046	10619
12806	9043	10055
12807	9677	10678
12808	9435	10467
12809	9792	11128
12810	9766	11003
12811	9032	10481
12812	9242	11306
12813	9093	10478
12814	8945	10318
12815	9264	10620
12816	8940	10179
12817	9937	11112
12818	9296	10507
12819	9106	10994
12820	9816	10792
12821	9738	10059
12822	8960	10940
12823	9342	11311
12824	8735	10913
12825	8607	10526
12826	9130	10905
12827	9908	10168
12828	9725	11128
12829	9543	10003
12830	9917	10657
12831	9152	10246
12832	8632	11113
12833	9247	11068
12834	9247	10056
12835	9497	10470
12836	9621	10811
12837	9958	10363
12838	9994	11241
12839	9164	10909
12840	9906	10712
12841	8735	11053
12842	9300	11042
12843	9581	11049
12844	8946	10340
12845	9101	10817
12846	8738	10039
12847	8769	10559
12848	9018	11148
12849	8894	10975
12850	9799	11144
12851	9016	10480
12852	9662	10090
12853	9250	11260
12854	9318	10483
12855	9098	11159
12856	8970	10926
12857	9898	10440
12858	9749	10300
12859	9830	11159
12860	8799	10328
12861	9338	10599
12862	9042	10150
12863	9011	10734
12864	9524	10206
12865	9569	10437
12866	8666	11228
12867	9287	10561
12868	9976	11303
12869	8936	10020
12870	8863	11094
12871	8893	10018
12872	9041	10601
12873	9235	10049
12874	9934	11394
12875	9553	10777
12876	9624	10628
12877	9957	10532
12878	8731	10241
12879	9591	11329
12880	9911	10490
12881	9338	10031
12882	9124	11386
12883	9176	11027
12884	9432	10128
12885	9735	10147
12886	9752	10103
12887	9537	10314
12888	9627	10512
12889	8649	11007
12890	9055	11334
12891	8743	10948
12892	9416	11360
12893	9096	10847
12894	9266	10882
12895	9655	11053
12896	9557	10749
12897	9011	10306
12898	9602	11175
12899	9606	11105
12900	9864	10109
12901	9329	10077
12902	9634	11019
12903	9381	10366
12904	9382	10170
12905	9056	10129
12906	9947	10488
12907	9794	10166
12908	9666	11179
12909	9662	10347
12910	9520	10572
12911	8827	10334
12912	9754	10440
12913	8791	11074
12914	9226	10418
12915	8856	11011
12916	8942	10655
12917	9372	10828
12918	9151	10475
12919	9514	10459
12920	9879	10723
12921	9180	10711
12922	9972	10271
12923	9168	10211
12924	9730	10791
12925	9495	10830
12926	8973	10408
12927	9819	10727
12928	9246	10895
12929	9838	10921
12930	9347	10425
12931	8746	10847
12932	8952	10906
12933	9326	10786
12934	8808	10206
12935	9675	10927
12936	9424	11173
12937	9914	10768
12938	9294	10318
12939	9829	10264
12940	8824	10987
12941	9507	10968
12942	9412	11077
12943	9127	10332
12944	8918	10326
12945	9045	11097
12946	9405	10819
12947	9640	10168
12948	9505	11014
12949	9156	10415
12950	8644	10033
12951	9650	10006
12952	9695	11385
12953	9463	10211
12954	9311	10102
12955	9268	11276
12956	9722	10938
12957	9904	10472
12958	9859	11299
12959	9181	11333
12960	9104	10408
12961	9052	11363
12962	8914	11273
12963	9905	10989
12964	9593	10920
12965	9856	10042
12966	9409	10789
12967	8937	10939
12968	9792	10201
12969	8989	10575
12970	9579	10838
12971	9853	11362
12972	8734	10835
12973	9642	10735
12974	9432	10951
12975	9602	10332
12976	9578	10335
12977	9435	10937
12978	9777	10711
12979	9580	10082
12980	9648	10585
12981	9986	10231
12982	9420	10857
12983	9428	11210
12984	8637	10961
12985	8885	10294
12986	9254	11003
12987	8755	10898
12988	9614	10834
12989	9462	10637
12990	9253	10342
12991	9605	10846
12992	9578	10144
12993	8664	10622
12994	8953	11128
12995	8608	10483
12996	8718	10271
12997	9966	10773
12998	9092	11301
12999	9002	10330
13000	9673	10625
13001	9101	10043
13002	9379	10731
13003	8939	10904
13004	9471	10029
13005	9808	11354
13006	9746	11215
13007	9033	10023
13008	9600	10802
13009	9568	10517
13010	9144	10120
13011	9379	11346
13012	9034	10809
13013	9865	11274
13014	9410	10622
13015	9717	10307
13016	9664	10971
13017	9410	10152
13018	9793	11281
13019	9810	10666
13020	9758	10697
13021	9913	11069
13022	8975	10602
13023	9152	11236
13024	9385	10860
13025	8696	10761
13026	8771	11189
13027	9843	10169
13028	9988	11362
13029	9949	10405
13030	9276	10268
13031	9250	10984
13032	9636	10674
13033	8839	10087
13034	9685	10393
13035	9585	10556
13036	9957	10542
13037	9040	10325
13038	9980	10915
13039	9704	11288
13040	8875	10327
13041	9891	11397
13042	9200	10306
13043	9460	11010
13044	9551	10395
13045	9054	11001
13046	9937	10989
13047	9473	10639
13048	9234	10683
13049	9161	10207
13050	9630	10709
13051	9710	11339
13052	9224	10515
13053	9672	10658
13054	8664	10560
13055	8920	10403
13056	9078	10275
13057	9011	10780
13058	8736	10005
13059	9923	10193
13060	9277	10775
13061	8625	11363
13062	9764	10422
13063	9753	11165
13064	9001	11261
13065	9388	10584
13066	9053	10462
13067	9059	10834
13068	9887	10249
13069	9011	10749
13070	9039	11312
13071	9007	11298
13072	8925	10363
13073	9250	10312
13074	8873	10544
13075	8805	10414
13076	9083	10206
13077	9178	10633
13078	8909	10292
13079	9037	10753
13080	9298	11340
13081	9367	10322
13082	9403	10147
13083	9356	10932
13084	9317	10393
13085	9297	10095
13086	8785	10838
13087	9940	10318
13088	9316	11284
13089	9923	10077
13090	8604	10296
13091	9254	11150
13092	9354	11391
13093	8625	10397
13094	9731	10355
13095	8919	11056
13096	9632	11198
13097	8992	10885
13098	8905	10344
13099	9147	10610
13100	9475	10965
13101	8619	11072
13102	9079	10102
13103	8630	10879
13104	9823	11197
13105	8788	10961
13106	9937	11083
13107	8651	11382
13108	9393	10088
13109	9344	11094
13110	9252	10516
13111	9969	10023
13112	8604	11400
13113	8852	10756
13114	9249	10709
13115	9559	10030
13116	9010	10346
13117	8843	11049
13118	8892	10298
13119	9377	10437
13120	9126	10591
13121	8931	10212
13122	8693	10342
13123	8837	11285
13124	8627	11322
13125	9782	10381
13126	9590	10706
13127	9118	10368
13128	9928	10633
13129	8909	11095
13130	8974	10185
13131	9692	10089
13132	9667	10768
13133	9862	10821
13134	8693	11186
13135	9909	10685
13136	9551	10080
13137	9381	10130
13138	9374	10126
13139	9805	11184
13140	9687	10500
13141	9664	10891
13142	9307	11165
13143	9713	11363
13144	9177	10876
13145	9101	10553
13146	8838	11040
13147	9450	11266
13148	9545	10124
13149	9359	10125
13150	8810	10822
13151	8667	10797
13152	9427	11038
13153	9660	10932
13154	8648	10324
13155	8823	11043
13156	9128	10267
13157	9545	10261
13158	9170	10808
13159	9715	10077
13160	8997	10559
13161	8856	10447
13162	9450	10702
13163	9601	11190
13164	8763	10497
13165	9368	10566
13166	8719	10596
13167	9411	10557
13168	9151	10341
13169	9236	11258
13170	9424	10905
13171	8824	10624
13172	9039	11219
13173	8676	11217
13174	9388	10202
13175	9251	11270
13176	9734	10260
13177	8867	10102
13178	9561	11089
13179	9697	10779
13180	9070	10255
13181	9045	11391
13182	8817	10555
13183	9043	10376
13184	9422	10504
13185	9388	10688
13186	9089	10800
13187	8933	10235
13188	8665	11308
13189	9670	10635
13190	8997	10960
13191	9429	10121
13192	9956	10989
13193	8990	10760
13194	9874	10651
13195	9276	11374
13196	9760	10050
13197	9919	11046
13198	9273	10308
13199	9961	10626
13200	8876	11189
13201	9653	11200
13202	9773	10817
13203	9047	10699
13204	8622	11157
13205	9166	10896
13206	9196	10932
13207	9429	10779
13208	8769	10186
13209	9382	11209
13210	9421	10488
13211	9704	10770
13212	9758	10946
13213	8636	10420
13214	9428	11369
13215	8979	10147
13216	9279	10654
13217	9165	10090
13218	9732	11279
13219	9393	10054
13220	9889	10982
13221	9867	10653
13222	9385	10572
13223	9196	10302
13224	9473	10065
13225	8670	10597
13226	8759	10195
13227	9389	11394
13228	9626	10715
13229	9159	11399
13230	9719	10242
13231	9219	11337
13232	9727	10430
13233	9813	10312
13234	9442	10302
13235	9450	10311
13236	9381	11398
13237	9012	10711
13238	9848	10302
13239	9935	10295
13240	8615	11333
13241	8783	11395
13242	9487	10376
13243	9365	10359
13244	8794	10801
13245	9683	10767
13246	9807	10014
13247	8876	10975
13248	9317	11297
13249	9810	10433
13250	8965	10500
13251	9222	11101
13252	8774	10955
13253	8760	11150
13254	9392	10585
13255	9652	10694
13256	9273	11142
13257	9003	11367
13258	9715	10275
13259	9697	10240
13260	9006	10664
13261	9350	11137
13262	9989	10775
13263	9650	10024
13264	9175	10019
13265	8746	10699
13266	8630	10022
13267	9295	10146
13268	9385	10230
13269	9096	10357
13270	8698	10650
13271	9747	10586
13272	9385	11318
13273	8729	10402
13274	8908	11337
13275	8857	10450
13276	9844	10861
13277	9020	10002
13278	9109	10733
13279	9170	11072
13280	9891	11095
13281	9655	10155
13282	8871	10843
13283	9405	11246
13284	9727	10057
13285	9957	10576
13286	9729	10165
13287	8604	11110
13288	9344	10404
13289	9286	10032
13290	8969	10160
13291	9405	10988
13292	8998	10827
13293	8984	10599
13294	8755	10755
13295	9404	10217
13296	9387	10978
13297	9160	10499
13298	8634	11342
13299	8710	10052
13300	9570	10899
13301	9839	10118
13302	8897	11242
13303	9906	10848
13304	9319	11131
13305	9050	10129
13306	9193	10781
13307	8889	10196
13308	8899	10008
13309	9689	11268
13310	8749	10783
13311	9941	10014
13312	9783	10072
13313	9388	10283
13314	8737	10265
13315	9526	10906
13316	9180	11235
13317	8846	10018
13318	9603	10615
13319	8957	10542
13320	9391	11181
13321	9188	11281
13322	8723	10509
13323	8820	11064
13324	9965	11093
13325	8710	10685
13326	9208	10181
13327	9963	11060
13328	8808	10399
13329	8884	11289
13330	10000	10981
13331	9068	11188
13332	8974	10157
13333	9001	10524
13334	9811	10650
13335	8708	10202
13336	9832	11066
13337	9467	10086
13338	9861	10879
13339	9709	10178
13340	9411	10536
13341	9694	10434
13342	9695	10376
13343	9133	10753
13344	9915	10029
13345	9734	11012
13346	9626	10505
13347	8652	10435
13348	8605	10632
13349	8668	11197
13350	9887	11231
13351	8694	10658
13352	8746	11022
13353	9811	11120
13354	9798	11118
13355	9776	10693
13356	8684	10883
13357	8761	11283
13358	8815	11312
13359	9446	10855
13360	8693	10526
13361	9096	10454
13362	9553	10837
13363	8655	10216
13364	9374	10760
13365	9388	10230
13366	9437	10127
13367	9504	10961
13368	8641	11354
13369	9958	11360
13370	9609	10656
13371	9087	11110
13372	9790	10394
13373	9760	11178
13374	8783	10769
13375	9902	11197
13376	9794	10602
13377	8688	10437
13378	8822	10672
13379	8636	11317
13380	9280	10267
13381	9579	10891
13382	9128	10554
13383	9642	11272
13384	8832	10390
13385	8964	10102
13386	8771	10556
13387	8897	11357
13388	8766	10806
13389	8827	11223
13390	9410	10034
13391	8673	11238
13392	9458	10484
13393	9635	10675
13394	9041	10563
13395	9861	10457
13396	8614	11093
13397	9156	11004
13398	9704	11193
13399	9764	11145
13400	9655	11147
13401	8936	10108
13402	9119	10709
13403	9537	10353
13404	9590	11063
13405	8636	10143
13406	8644	10643
13407	9564	10921
13408	9209	10119
13409	9798	10948
13410	9424	10125
13411	9157	11378
13412	9037	11225
13413	8766	10571
13414	8874	10934
13415	9528	10971
13416	8930	10953
13417	9465	11212
13418	9218	11268
13419	9281	10021
13420	9126	10222
13421	8688	10990
13422	8938	10150
13423	9241	10223
13424	9949	10556
13425	8840	10305
13426	9863	11334
13427	9017	11373
13428	9537	11333
13429	9835	10474
13430	8674	10386
13431	9618	11295
13432	9187	10046
13433	8711	11099
13434	9723	10625
13435	9230	10186
13436	9863	10927
13437	9721	10349
13438	9333	11124
13439	9178	10532
13440	8978	10074
13441	8921	11130
13442	9617	10964
13443	8891	11266
13444	9915	10934
13445	9953	10298
13446	9943	10784
13447	8727	10411
13448	9139	11365
13449	9526	10464
13450	9498	11331
13451	9866	10092
13452	9456	11089
13453	9128	11200
13454	9056	10768
13455	9422	10379
13456	9606	10464
13457	9025	10243
13458	9476	10865
13459	9416	10064
13460	9481	10221
13461	9380	10659
13462	9899	10337
13463	9671	10556
13464	8813	10825
13465	9539	10788
13466	8989	10292
13467	9348	11362
13468	9335	10638
13469	9279	10039
13470	9351	10402
13471	9974	11269
13472	8709	11282
13473	9791	10776
13474	8677	10135
13475	9412	10545
13476	8938	10641
13477	8630	10715
13478	9719	10623
13479	9970	11299
13480	9221	10045
13481	9756	10208
13482	9925	10832
13483	9013	10723
13484	9981	11187
13485	9158	10240
13486	9206	11018
13487	9322	10744
13488	9310	10349
13489	9448	10024
13490	9582	11348
13491	8982	10361
13492	9955	10725
13493	9199	11220
13494	9796	10536
13495	9777	10782
13496	9651	10606
13497	9408	10273
13498	9078	10119
13499	9910	10967
13500	9778	11397
13501	9965	10872
13502	8945	11121
13503	9886	10308
13504	9466	10625
13505	9208	10259
13506	8948	11140
13507	8889	10924
13508	9582	11151
13509	9673	11339
13510	9888	10566
13511	9607	10139
13512	8669	11159
13513	8845	10266
13514	8984	10204
13515	9928	11324
13516	9403	10207
13517	9833	10992
13518	8843	10677
13519	9398	10512
13520	8785	10569
13521	8877	10541
13522	9558	11075
13523	9291	10496
13524	8825	10319
13525	9195	10797
13526	9027	10980
13527	9698	10957
13528	8853	10014
13529	8817	10815
13530	9909	10376
13531	8936	10412
13532	9452	11153
13533	9700	10446
13534	9189	10843
13535	9446	10944
13536	9150	11346
13537	9550	10614
13538	9782	10660
13539	9049	11186
13540	9583	11362
13541	9666	11217
13542	9950	10792
13543	8862	10098
13544	9949	10797
13545	9698	11379
13546	9550	10418
13547	8882	11267
13548	9786	11032
13549	9606	10069
13550	9600	10170
13551	9691	10951
13552	8621	11380
13553	9495	11064
13554	9462	10190
13555	8673	11371
13556	9141	10202
13557	9087	10504
13558	8836	10228
13559	9330	10360
13560	9388	10384
13561	9806	10146
13562	9601	10747
13563	9422	11371
13564	9123	10054
13565	8807	10283
13566	9802	11092
13567	9854	10569
13568	9278	11092
13569	9964	10311
13570	8835	10770
13571	9259	10554
13572	9979	10784
13573	9330	10563
13574	9841	11145
13575	9295	10491
13576	9035	11092
13577	9349	10942
13578	9360	10538
13579	9591	11043
13580	9613	10259
13581	8867	10020
13582	9857	11177
13583	8970	11389
13584	9872	10612
13585	9085	11131
13586	9479	10064
13587	9085	10441
13588	9719	10153
13589	8751	11113
13590	8999	11115
13591	9032	11368
13592	9572	10671
13593	9023	11220
13594	9255	10565
13595	9449	11068
13596	9846	11104
13597	9283	10150
13598	9358	11340
13599	9828	10573
13600	8832	10198
13601	9782	10628
13602	9922	10739
13603	8989	11208
13604	9465	10623
13605	8700	11340
13606	9710	11317
13607	9158	10866
13608	9874	10515
13609	9635	11061
13610	9836	10170
13611	8840	10618
13612	9310	10995
13613	9732	11320
13614	9631	10346
13615	9004	11108
13616	8962	10401
13617	9902	10875
13618	9839	10950
13619	9168	10085
13620	9430	11165
13621	9868	10469
13622	9078	11065
13623	9963	10349
13624	9776	10714
13625	9798	11007
13626	9699	10111
13627	9841	10983
13628	9917	10023
13629	9926	10115
13630	8826	10745
13631	9893	10908
13632	8793	10118
13633	8890	10136
13634	8922	10049
13635	9800	10960
13636	8705	10314
13637	9737	10205
13638	9114	11225
13639	9389	11392
13640	9341	10563
13641	9905	10442
13642	8739	10400
13643	9815	11263
13644	9950	10080
13645	9031	11182
13646	9403	11180
13647	9926	10180
13648	9034	10951
13649	8693	10304
13650	9058	10859
13651	9109	10526
13652	9072	11384
13653	9603	11363
13654	9567	10983
13655	9368	10766
13656	9283	10601
13657	9836	10043
13658	9895	10172
13659	9119	10009
13660	8988	10526
13661	9354	10801
13662	9577	10258
13663	8847	10316
13664	8652	10600
13665	8725	10716
13666	8852	10829
13667	9606	10658
13668	9548	10157
13669	9002	10333
13670	8743	11231
13671	9516	10341
13672	9668	10757
13673	9015	10512
13674	9359	10238
13675	8664	10769
13676	8698	10921
13677	9139	10375
13678	8825	10236
13679	9787	11169
13680	9908	10026
13681	8881	11236
13682	8635	10493
13683	8924	10643
13684	9913	10829
13685	9138	10496
13686	9479	10388
13687	8632	10747
13688	8825	10898
13689	9868	10183
13690	9984	10593
13691	9770	10770
13692	9720	11242
13693	8782	10342
13694	9216	10273
13695	9244	11149
13696	9518	11059
13697	9714	10560
13698	8657	11340
13699	9400	10056
13700	9982	11249
13701	8719	10599
13702	9015	11378
13703	9101	10468
13704	9763	10242
13705	9157	10554
13706	9477	10672
13707	9778	11088
13708	8806	11103
13709	9620	11060
13710	9273	10531
13711	9627	10763
13712	9119	10682
13713	8912	10401
13714	9282	10676
13715	8878	10040
13716	8896	11359
13717	9707	10152
13718	9722	11193
13719	8983	10640
13720	8956	10980
13721	9728	11148
13722	9647	11344
13723	9765	11263
13724	8928	11066
13725	9923	10063
13726	9823	10638
13727	8677	10477
13728	8650	10817
13729	8861	11025
13730	9331	10095
13731	8642	10112
13732	9052	10559
13733	8774	10535
13734	9864	11050
13735	9268	10003
13736	8636	10997
13737	9499	11116
13738	8636	11068
13739	9947	10619
13740	9536	11121
13741	8715	10491
13742	8712	10272
13743	9472	10591
13744	9366	11108
13745	9192	10900
13746	9604	10469
13747	9545	10853
13748	9066	10341
13749	8966	11016
13750	9913	11015
13751	9068	10170
13752	9099	10548
13753	9922	10813
13754	9471	10528
13755	9343	10111
13756	9233	10118
13757	8968	10962
13758	9337	10279
13759	9433	11233
13760	8855	10024
13761	9013	10598
13762	9745	10181
13763	8793	11295
13764	8921	10580
13765	9167	10865
13766	9565	10464
13767	9363	11395
13768	8675	10264
13769	8641	10077
13770	8617	11330
13771	9356	10448
13772	9660	11223
13773	8732	11232
13774	9041	10700
13775	9561	11268
13776	9561	10690
13777	9114	11311
13778	8934	11023
13779	8649	10222
13780	9162	11026
13781	9959	11329
13782	9137	10137
13783	9808	11374
13784	8794	10861
13785	8917	11278
13786	9239	10942
13787	9210	10223
13788	8932	10530
13789	9362	10745
13790	8851	10367
13791	8874	10199
13792	9598	10526
13793	9673	10963
13794	8897	10958
13795	9682	10994
13796	9542	10741
13797	8638	11352
13798	9616	10522
13799	8817	10401
13800	9614	10513
13801	9427	10534
13802	8896	11049
13803	8910	11200
13804	9112	10253
13805	8701	10829
13806	9312	10575
13807	9068	11104
13808	8862	10549
13809	9318	10063
13810	9578	11197
13811	8654	11264
13812	9911	10191
13813	9197	10451
13814	9550	10265
13815	9568	11341
13816	8858	10871
13817	9358	11356
13818	9838	11373
13819	9948	10884
13820	8606	11255
13821	9350	10106
13822	8666	11311
13823	9977	10804
13824	8750	11133
13825	8941	10612
13826	9452	10047
13827	9522	11333
13828	9601	11024
13829	9069	10640
13830	8650	10331
13831	8959	10350
13832	8752	10248
13833	9108	10649
13834	9551	10826
13835	9095	10329
13836	9603	11096
13837	8705	10594
13838	8650	10874
13839	9519	11133
13840	9605	10509
13841	9758	11250
13842	9303	10705
13843	9375	10391
13844	9683	10567
13845	9051	10197
13846	8729	11294
13847	9782	10870
13848	9993	10193
13849	8741	10359
13850	9899	11038
13851	9514	10187
13852	9019	10119
13853	8797	11232
13854	9068	11145
13855	8977	10431
13856	9976	11227
13857	9972	11165
13858	8800	10118
13859	9245	11379
13860	8775	10364
13861	9816	11362
13862	9170	10112
13863	9454	10899
13864	9412	11374
13865	8746	10312
13866	9857	10292
13867	9679	10110
13868	9647	10770
13869	8980	11021
13870	9825	10440
13871	8629	11060
13872	9259	10955
13873	9377	10867
13874	9502	11302
13875	9102	10734
13876	9402	10173
13877	8831	10358
13878	9241	11278
13879	8863	11242
13880	9615	10796
13881	9387	10261
13882	9860	11174
13883	8820	10821
13884	8996	10490
13885	9151	10383
13886	9407	10610
13887	8977	11208
13888	9086	10179
13889	9802	10129
13890	9129	10507
13891	9215	11115
13892	8675	11339
13893	8728	11363
13894	9439	10847
13895	8991	10023
13896	8616	11037
13897	9862	10505
13898	9477	10046
13899	9126	10595
13900	8945	10715
13901	8970	11247
13902	9235	10371
13903	8854	11030
13904	9502	10711
13905	8862	10144
13906	8922	10404
13907	9000	10158
13908	9266	10925
13909	9990	10788
13910	9546	10527
13911	8651	10003
13912	8666	11301
13913	9234	10459
13914	9137	11324
13915	8954	10131
13916	9761	11068
13917	9530	10379
13918	9763	10458
13919	9914	10644
13920	8644	10946
13921	9899	11351
13922	9823	10739
13923	9430	10736
13924	9619	10484
13925	9911	11048
13926	9912	10303
13927	9722	10239
13928	9886	10763
13929	9069	10003
13930	8800	10379
13931	9979	10549
13932	9019	10320
13933	8874	10497
13934	9038	10866
13935	9532	11112
13936	9137	10965
13937	9796	11128
13938	9965	10992
13939	8824	10920
13940	9822	11375
13941	9695	10782
13942	9995	10623
13943	9655	11212
13944	9883	10200
13945	9172	10184
13946	9193	10908
13947	9452	11278
13948	9152	10807
13949	9488	10012
13950	8665	10437
13951	9468	11209
13952	8957	10863
13953	8611	10096
13954	8837	10204
13955	9846	10761
13956	9714	10713
13957	9014	11149
13958	9836	11041
13959	8998	11318
13960	8922	10712
13961	8834	10761
13962	8680	11179
13963	9610	10025
13964	9309	10659
13965	9161	11188
13966	9685	10598
13967	9379	10584
13968	9464	10508
13969	8613	10161
13970	9676	10692
13971	9309	10290
13972	8631	10473
13973	8943	10137
13974	8988	11223
13975	9872	10472
13976	9793	11253
13977	9992	10789
13978	9400	11087
13979	8606	10516
13980	9098	10650
13981	8921	10051
13982	8823	10811
13983	8992	11215
13984	9080	10040
13985	8830	10051
13986	8685	10359
13987	8630	11218
13988	9467	10612
13989	9488	10277
13990	8906	10632
13991	8756	10314
13992	9455	11030
13993	9974	10736
13994	9122	10343
13995	9838	10166
13996	9833	10745
13997	9851	10394
13998	9625	10311
13999	9563	10274
14000	9102	11180
14001	9825	11166
14002	8676	10040
14003	9249	11245
14004	8943	10426
14005	9019	10548
14006	9708	11136
14007	9937	10895
14008	9223	10958
14009	9394	11261
14010	9781	10437
14011	9859	11092
14012	9747	10008
14013	8698	10040
14014	9116	10947
14015	8776	10991
14016	9854	10188
14017	9594	11220
14018	9900	10108
14019	9810	10165
14020	9451	11263
14021	8734	11230
14022	8829	10150
14023	9763	10233
14024	9975	10414
14025	9964	10049
14026	9292	11215
14027	9455	10299
14028	9739	10336
14029	8880	11395
14030	9193	10791
14031	9380	11118
14032	9191	10221
14033	9662	10330
14034	9461	11253
14035	9680	10739
14036	8709	11063
14037	8864	10472
14038	9253	10691
14039	9186	11163
14040	8969	10829
14041	9706	11339
14042	9760	10748
14043	9010	10581
14044	9020	10591
14045	9263	10575
14046	9028	10080
14047	8725	10750
14048	9947	11222
14049	9045	10978
14050	9535	10454
14051	9156	10843
14052	9704	10650
14053	8842	10467
14054	9596	10907
14055	9369	10037
14056	9659	10015
14057	8685	10209
14058	8903	11376
14059	9431	10064
14060	9628	10663
14061	9734	11142
14062	9271	10300
14063	9809	11232
14064	8601	10225
14065	8774	10080
14066	9059	10434
14067	8834	10496
14068	9308	10964
14069	9797	10402
14070	8722	10236
14071	9019	10660
14072	9646	10900
14073	9938	10548
14074	8893	10335
14075	9641	10205
14076	8645	10516
14077	9026	10140
14078	8896	10773
14079	8819	10265
14080	8866	10653
14081	9725	10152
14082	9545	10386
14083	8762	11049
14084	9188	11265
14085	8851	11112
14086	9316	11073
14087	9761	10697
14088	9632	10926
14089	9710	10995
14090	9177	11038
14091	9799	10268
14092	9420	10211
14093	9443	10059
14094	9365	10283
14095	8685	11256
14096	9546	10148
14097	9174	11040
14098	8835	10516
14099	9663	10650
14100	8662	10779
14101	9714	11014
14102	9061	10390
14103	8828	11112
14104	8910	10784
14105	9668	10420
14106	9064	10207
14107	9062	10496
14108	8699	10757
14109	8757	10035
14110	9862	11338
14111	9014	10177
14112	8863	10480
14113	9724	10989
14114	9960	10737
14115	8674	10596
14116	9778	10505
14117	8939	10220
14118	8793	10340
14119	9334	11241
14120	9802	10290
14121	9474	10249
14122	8695	10418
14123	9396	11295
14124	8918	10545
14125	9553	10965
14126	8713	11069
14127	9676	10237
14128	9852	10840
14129	9012	10920
14130	9691	10235
14131	10000	11337
14132	9522	11276
14133	8777	10142
14134	9627	11198
14135	8728	10293
14136	8629	11134
14137	9374	10453
14138	9935	11303
14139	9326	10694
14140	8772	10681
14141	9416	10718
14142	9975	11326
14143	8893	10101
14144	9652	10859
14145	8696	10284
14146	9643	10496
14147	9217	10834
14148	9573	10369
14149	9963	10313
14150	9221	10532
14151	9621	10884
14152	9782	10275
14153	9918	11022
14154	9216	10426
14155	9602	10126
14156	9512	10845
14157	9886	11307
14158	8978	11132
14159	8738	11185
14160	9154	10816
14161	8871	10772
14162	9167	10856
14163	9509	10753
14164	8885	10739
14165	9087	10522
14166	9022	10306
14167	8818	10455
14168	9052	10314
14169	8946	11307
14170	8802	10112
14171	8774	10378
14172	8709	10627
14173	9024	10896
14174	9847	10256
14175	9053	11072
14176	9967	10329
14177	9648	10109
14178	9541	11267
14179	9900	10503
14180	8811	10731
14181	9012	11130
14182	9332	11274
14183	9566	11036
14184	9348	10393
14185	8969	10409
14186	8869	10119
14187	9235	10276
14188	9321	10456
14189	9001	10460
14190	9556	10591
14191	8793	10868
14192	9439	10590
14193	8673	10126
14194	8636	11042
14195	9613	10721
14196	9020	11140
14197	9870	11259
14198	9121	10773
14199	9584	10593
14200	9909	11116
