y
-1.9458604168895248
5.454008939675621
-8.654035086049337
1.6889166687682178
-0.76952864154872
1.2370637421302866
-3.508337962284579
-0.5765537431925476
-8.090919191001719
-7.050438608345461
-2.275312279700323
4.357190871894256
-6.329511805810262
-0.24276664264561942
-4.985325667135448
1.6070899330483015
-7.071559078297338
-3.4672128257900274
-5.13314150660795
-7.558532271422256
-8.726744007212773
-6.841358705454772
-5.37253744512444
-1.8216580388864358
-6.928883831974051
-0.9132693045557587
-4.139557882855783
-2.130511688535103
2.3142194341768594
-3.42731046506392
-5.613471944032369
0.11062630143178748
2.2522142547948083
-4.811215686334115
2.237133113550691
-5.262306307602606
-4.4614150141569775
-5.017248143112966
-2.9201701620510647
-2.3699251658163956
-2.158828114223119
-7.646128335504133
-4.7674862953011115
-7.77710026017575
3.95099170907688
-3.7802718417139958
9.872568423935869
-4.638881628940824
4.4443332599305085
2.5846229966943826
-4.726555442764862
-9.772891325296085
-10.592396529565928
0.13417947245822232
-14.521241385102956
-2.281423941741862
-2.043624899706768
-6.787511500818734
3.4182429132938714
0.00621756641291496
-4.204704806799859
-0.020934795545021007
-1.2562384106062474
-2.52538989996481
-4.2628203143934185
-8.017966442672481
3.3393481582344684
-2.6867010982530717
-7.996034612053109
-4.916670221808005
2.8998646118199107
-6.973563453194477
5.42332182205238
-4.386662350316177
-1.010038366220099
9.736028539630471
-6.75383511609695
1.7513728425997017
-3.481959168843173
-6.619258023892694
-1.308421790684216
-3.7191111859665886
-0.05499257344414221
-4.693660148426615
-10.29316000580999
-5.308238457996602
-3.9157008483868143
-0.3103275437180286
-0.0017734755272352798
-4.469855711765392
-2.8038902120923326
-9.488801002095915
-6.89181348718813
-4.135002921130142
2.1824740269530416
-1.4303512384216233
0.5191409399274626
-9.16802615952834
2.6603121036487574
7.096457993235719
-4.625967023063647
-6.804843135063877
-0.010864440760402001
0.9038471167862514
-4.892480016542987
-0.24591588462952152
-5.6131097337377085
-1.9717988387785637
-0.12038582698719996
-2.2096876498921
2.9216774121922984
-5.501673809871855
-5.654551615322018
-8.38380282228728
-1.4958633917231314
-9.999699968223005
-6.2057560456737555
-7.139106887616608
0.32911134976516676
-1.4963210184178695
-7.249871875163248
-0.07302365510834552
-10.446881248220123
-5.974664710444513
-2.7196694610254433
-6.406946078969553
-6.537476454486368
1.1686944052390338
1.3951284034999913
-5.045600148006919
-5.47742401459822
3.829753732218782
-10.1642410465595
-4.260368115719962
-7.579200719875065
-7.9409779130054154
-0.8989347475064775
-5.0828848705594
-6.550177334295398
-1.2582750084919785
2.2840952763953135
-3.591392732887549
3.297423511836319
-7.88096156170038
-3.3316617065707583
-2.867498083751843
-5.674649805205869
-0.9651979136906348
-6.700979651190242
1.8578174775124288
-6.354683616378322
-7.687755061820196
-6.772555993382991
-1.9703696846688659
-3.747362745395759
0.6103205424174165
-0.8644019093771254
-6.637089055235202
0.4636059918910098
-0.07412365486074601
5.164386424650438
-4.600684614082783
1.5497038472470854
-0.9883347479394631
-2.016564681712518
-1.1156248073883384
0.9022829274779219
-0.9936604700839435
0.9726112482259853
-3.3321768913251777
2.9076978489360163
0.6684994381367747
-1.9572389293860655
-5.824902843415974
-5.7612967393781815
-4.890488184061637
-3.2006084996325264
-2.8840762126879493
-6.837771993076948
-10.382452368630208
-6.955695727786708
-9.013955771950029
0.2175842979309347
2.9064479816950333
-10.525497110373262
5.189323883840585
-0.13420200445832176
0.5539475186017124
2.9916375901409604
0.25638053182603954
-5.096508263855192
-8.408076205630795
-12.018405338803728
-0.858871919917964
-0.23988188544483635
-10.15937725433291
-10.46555955027596
1.1006565766399212
2.6846012183948456
-13.63415235329038
-1.903920879209943
-6.681902890660258
-0.35126756715619567
-1.4209308371678713
-4.024185010665548
-6.078095525465315
-3.9715875490688135
-6.239559379994171
-3.3529558723275183
3.1746361275416155
4.8892677644737965
-0.29890871546839887
-1.140822588744713
-3.0812242636638003
-12.4833093462722
-0.5698596202281456
-2.2070048132097844
4.0313306131765785
1.1205938496774195
-1.1178842138345266
-4.968827499469964
-7.851973287647512
-1.009742385093016
-3.98549420069077
-9.562450329282443
-4.530053806951166
-7.070541728169276
-2.4780840447154735
1.1837535046801073
0.08906457239099608
-5.991510646301508
-7.620430515903032
0.583495913324337
2.708898102168874
-0.6877481944226926
4.947817858261844
-6.470370781902393
2.7332118872212443
-3.0115840198096433
-2.6530067528176966
-4.190590731394983
-4.870830745552582
-5.5174190806498
-11.233331808558884
-5.205651863646684
1.4413454572594908
-4.423100855994509
-5.727051197114802
1.8278841252820701
4.0174043387344
-5.793489685574872
-7.031036317491012
-4.904912087125762
-9.256288675960585
-3.1674678905737643
-5.552036185555814
-3.1239365881649017
4.471077568583911
-6.776684623032709
-2.2562140081296236
-5.55645249798677
-10.190591103890611
-11.181415070024038
0.6887358370228256
-3.974593130776523
-6.4471340504003845
-2.8428737773285704
0.5953532619196982
-1.6952629960217327
-4.8197311699640135
-0.2027066292612858
3.242938375860068
-2.1392494116147915
-1.381657435336029
-0.20353462507663456
-3.786602401359655
-11.831887428432804
-4.9453522426988705
-6.815068310219561
-7.404413573120909
-2.2749340911181766
-12.370712826207132
7.145183448392846
-5.744122155742512
-3.425218916970679
-2.3848692159112637
0.39405743781185887
-3.0284482064644314
-2.515917713100544
-1.3881196448921216
-2.7524367025260386
1.200168714256078
-7.297127455435884
-2.4487101803476925
-4.88954714834342
-1.8405767643482114
-1.9927319396063092
-9.888881215851482
-5.568222489003199
2.307999906455277
-8.576514831945495
-12.233624448524987
1.7391899275068676
7.10771770176611
-0.6514125918263397
-2.7394270801903704
2.146837801863731
-2.2724728379029133
-1.3057440609308246
-14.631395893541438
-8.221127603596683
-10.325236724428388
-5.180366228250872
-5.850280446695251
2.160942471683595
-7.603160815461203
-9.454265906843444
-0.507758708642716
-1.8236170661376214
-1.2650641614344276
-5.184657402775516
-3.2147035000233206
-8.389340281492366
-1.3291255912831994
-0.42451614259588455
-5.125460927916771
-1.1525661577001767
4.361651073584115
1.8812529931098678
-2.925343940456608
4.355778349452403
-2.866629571904471
-2.5122140645058955
-5.24428785848529
-0.04325006738178294
-9.67749366363627
5.6605363546786736
-11.808714456839738
-3.1367230253508565
1.4067153912092771
0.8276710539623173
-5.182086379162376
3.5113632145276394
-6.147788839064088
-4.707914669825286
5.120042356778686
-3.1466549045107164
6.944519679025618
-5.019330591725549
-1.5748405460584203
1.8843603250368794
-0.8044961871952262
-8.363947992006176
-5.127052782122767
-4.245977744809951
-8.121557428833945
-6.453981408145445
-1.1837156690935349
-4.1358971130893885
-3.2830024280227947
-8.646746502650847
4.968716549960227
-5.716789633275057
-3.1440839026605367
-8.36353504236192
-3.978182378281762
2.675041596642184
-1.5393084994868378
-2.7834078188236444
-5.535042882804385
-5.532505038936617
-4.434613498253231
-5.793996781985691
-2.97978067079954
-7.0799837143498845
-4.842106626878053
-5.446272565384323
-2.3985929266631896
-10.37072571486582
1.387439870235303
-5.369406450924456
-10.13817796948721
1.7753305047490562
4.520690617105727
-6.641026099520619
-9.279235050057322
-3.3547957081878312
-6.618930065408888
-2.7802113168467373
-3.639224420828253
-5.504608923767719
-3.0677407042070644
-6.3749231007571385
-3.834640262139972
-3.435961996738466
8.265424641288071
-2.2470787541856243
-4.210208074885412
-5.01372543239278
-5.293757037762757
-4.7944887074500375
-7.4291601919151455
-1.5166941433143997
1.3990399809714953
-5.677258369082533
0.6224581849117296
3.00164697741274
-7.542780437706005
-2.778866666898782
-6.583555071410589
-7.505796444821641
0.8666385021223596
-5.364321768514262
-1.142494003864937
-2.6282729507011706
6.866826812259351
-9.623239427812026
-1.8648102435630005
-1.1885122811798605
-3.089043582116821
-3.167543920770148
-7.753624208502881
-4.233187369335842
0.03524906532088612
-1.2941493391947683
-3.192368712393833
0.9047521455892203
-7.922419069967201
1.736642296627915
0.15562834348738663
-1.201368223009124
2.36033134847019
-4.528702738577026
0.0673178054650202
-13.745173879561449
5.339754986780404
-0.5580356047469754
1.181086607528572
-6.90747444515765
-7.074914056968942
1.5896142624185643
-4.266913217162253
-11.069436976342715
-3.9786408247737706
6.36960468708304
-3.9678294821074034
-1.439700728085366
1.3502141240194845
-1.452448711412704
6.6578573784710855
6.701945328400306
5.0257948921724305
-5.559707178548498
-8.506326538545313
4.731603083738928
-3.949661435870465
0.48374728909666986
-1.215861445635349
-2.9203713322744536
-1.5601441333924615
-12.484907553977965
-5.231093619782335
-5.398750056359057
-1.0678157073745207
2.857360357635965
-7.239805757442109
-3.8990899525266456
1.9381555491322269
-1.1859409976962287
-7.352148537470842
-1.8821395158717948
-7.952045191267869
0.997705400690213
-1.7337585466725605
5.101162205403483
-0.6898972752960276
-0.3262785894758276
-4.226074040555042
-4.111517389761337
1.5173144311677376
-1.6455271097391004
-1.697716610825163
-8.578518937605043
-8.734794703844683
-1.3575871883519184
-4.155683075222122
-1.842486974340048
-3.7317037859386626
-13.777932677992492
-2.608659412718816
-11.143750811924932
-4.086577561485343
2.1383919761562806
-2.575331981200332
3.782101129779033
-7.3180854119648036
-3.2124672502979785
-0.3028629296979446
-4.416056179619602
-3.159447331078258
1.3853127981041236
-1.4974836383573968
-1.751855779883304
-0.8548396085830566
-3.4194652718649605
6.543815675925184
0.9808647659976348
-3.096145934137319
-5.340469821285365
-8.585848321438508
-7.450926218291469
-4.734827425580203
3.1269865328936692
-11.645593390162007
-12.718269371892958
5.699783921500567
0.6105011682156984
-2.9936902846850995
0.16164404842877933
-8.84160452539111
-7.01312179472679
-4.314500056643735
-6.661801953168141
-8.873148781890855
-14.812990678833742
-3.8191667200589574
-7.410201111923083
7.269851946331423
-8.587864946100032
-3.866053028960037
1.9859561731089874
-4.652553359474354
3.0131883526215852
5.342440412678037
6.424116244962391
-7.244789316900831
2.6902515416676382
-2.313306262297501
7.960746350269694
4.660705524640503
-0.07769527646897045
2.5588373246746468
1.9636071130141803
-2.2057642100044097
2.834987403987774
-5.528574602015518
-1.209727347195913
0.9850190441220124
-10.056082765476592
-1.5052938029941156
-5.132449285761873
-2.7364704012023027
-7.144810974284
-2.0425688414550214
-4.7047852350271
5.256930863329108
-0.4715288118433446
-11.528481980389031
4.890039141762951
-6.54669033600324
-4.001237420870024
-0.8932532202808998
-4.448696729102064
-4.79674099881062
-1.7815721203653523
-7.603435927524052
-14.140489223940387
3.0479346953073234
-12.809396009526427
-1.3408554405454753
-2.7134869943530604
4.452329435691279
-0.9530838834854796
-4.291342395451887
-10.861544678110823
-3.7527443741146316
1.0804822111590378
-1.7471818704016462
-10.885935086277996
-7.204290206325867
-5.017370051553541
-8.405878898817546
2.2386115964803857
-2.2139615526947836
-9.197985866274015
-1.3290355767802864
1.2205977481307952
3.715755708403828
-7.589324254912951
-10.861126130984353
-4.818545365754169
1.806928900594515
-10.00725035625507
-2.778451099946928
-4.192507195198509
9.512199586064018
-0.9696729720251678
1.2316472389931743
-3.703621638438081
-8.064752339236215
1.5731997985883557
-6.272223786660896
-10.130496507366114
-0.2898449240395584
-0.6760917508418157
-6.9274787261236845
-1.5195103248372732
2.3520598683772223
-4.447106491516358
-5.61867286156724
3.5757435309754335
-1.4748436977177284
-1.1106493093657068
-7.1817153332856245
-1.7729697174466978
-5.849025438947832
-9.468524136347284
-5.591846785404674
-6.001422706974145
-4.855900097261491
-1.9503950711142046
6.384833712882969
-0.27945558420298877
-0.48956745372912985
0.012380475175330086
4.615168791226486
-5.81041848574845
-3.932983912785791
-0.19448579136258495
-4.391048944778644
-2.873877894704761
-3.340594270074874
1.962657474020685
-2.76553000341056
-4.4857183592036325
2.224750759946599
1.6309451516970805
-8.890065525421686
-5.9696215842533915
-3.064996083477022
-5.906166370791544
-4.859816903963512
-0.17422364221925357
5.773692235515109
-6.250180855282461
-6.755210205182567
-5.1423903853121296
-9.612048091030816
7.099143491977264
-5.320174810625235
0.9080551852025749
-2.286626323934422
-5.251321645900456
-5.48539137653272
-9.385184625031574
-0.6044596699487986
-5.436251238821416
-5.26676443811439
-12.644097315765519
-1.5820856609580152
-9.971705090297956
-10.719725997634763
3.9305467778271197
8.065171849915913
-2.020094795570382
3.8490564985136615
-5.27846060176974
-0.0019730935921053565
-1.8566891978207507
-7.96416267490814
0.353263439746098
-4.889848914390213
-2.934021796155886
-4.815564840828758
-1.8393390688049063
-2.5528611516841697
-2.151473786005486
-2.247385834436969
-7.043716402957373
-9.776781946867569
-10.49927320848627
-10.590023509489782
-1.466593588187465
-7.51435615425141
-7.190670023237392
-3.717592726504322
3.016084597754735
-5.620977219338231
-4.1711666289592575
-0.9671867610915353
-3.5084056210397616
-5.965815104904499
0.19664799516792697
-8.399963259220833
1.9520845959281112
-0.6271339901215789
-1.7076335985591071
2.2096442001874075
-3.015846730902489
-8.920830001263639
2.565070337556417
-5.928309710937133
4.107045237042813
8.165926902388092
1.6303102033003811
-8.399143219808845
-8.429884311510753
-4.315060615678777
-1.6540710046992109
-4.978351748463194
-6.446308897747583
1.5304648821697047
-6.8167836833255375
-6.596903079031694
0.48411588325827437
-7.242299651887017
3.9663304627754083
0.2584896305399307
-2.4700395380172866
-4.65686547828484
-5.561414504784041
-3.5860967790019127
-7.2346110068180565
0.9743059877736218
-0.9216469249779464
-5.775056343154336
-1.1439152771849377
-15.03887031513786
-5.147785171035367
-7.703532013490177
-1.2246110289049854
-3.2263063869396778
-7.182078714369482
-2.896831205684706
-3.663688026160645
-5.249718441206243
-1.9789969713883566
-6.54090363185717
-5.142946041061805
5.586012009579449
-7.897708560625058
-6.527568737262182
-0.8202055015353809
-8.035665208132968
0.972169846224576
2.6518726274972755
-3.2399072259603408
0.862845810783516
-7.592370899560373
-0.0543555506199242
-5.135928842259501
-3.8959527678449692
-6.918397804593323
-3.221648413237862
-5.577156601364078
3.2504589604345595
-1.9281566099009746
-1.1866010307732098
-2.1403815197062053
-3.1635629096600333
1.302897162878953
-7.231211325640739
-7.076560518007559
-8.12334355901465
-8.384459809631354
-1.1868704222038375
-8.19717874013794
-7.775804983983986
3.476177795950147
-8.395841481625498
0.8272867777154903
-7.402951918121505
2.148319929013188
1.9026193965258662
-4.660810406193416
-3.4748409919083416
0.5294520763044148
-9.585795433009476
-4.6247712899524815
-11.865491803760781
-4.273487876173452
-12.399627193328646
-8.576147771897192
-9.127697341499669
-2.263978717670253
-2.6189596776399933
-2.5239212340958566
-4.29079478166184
0.7580465988961458
3.0697155632521516
-3.9982723676899288
0.5652384765731431
2.017657663844213
2.189738137630539
1.1606312489618487
-0.4583347735950024
-11.221652194707143
-3.2583423224347845
-5.954557109135653
2.2409560810051383
-3.860347163606217
-5.826489824834332
5.493983753132481
-2.7268417698222223
0.00030316117186714175
-2.5575993380521465
-6.8470786024596695
-4.548135859466005
-8.982555760138377
-4.274281306683469
0.2045974697302242
4.248252590884435
-1.372252813043175
-1.755999848431716
3.3695740421875997
1.0193643530580432
-13.26052507432296
-11.146589218527645
6.084463117024754
-11.632133807341573
-1.3307617186826066
-6.491908873290904
-5.721298103689732
-10.941850343178912
-6.690677043264618
-5.519613533011518
-0.4992164751023441
2.4109413429872033
-1.0148330398561385
1.9948072197195619
3.885068579176716
-3.756895384784869
0.7477846910519268
-6.1206797546348
-5.917677827493075
-15.96506824162144
-2.6161461933659806
-0.2628176281097234
-5.0333006205744635
-10.207733541449684
-2.3138096733302276
-7.632150650819685
0.5936117989602351
-0.5549876430117795
1.9203478846893198
-7.286542689118556
-2.2104996706851563
5.182071223117191
-0.8751907702558932
2.4083913689342324
4.965467896427068
-1.9167428389916394
6.236626715326284
-2.0014018637323656
-3.6614139545686686
0.277671790443923
-4.4541869705462105
-3.9036980932177956
-0.6001494943034917
1.14633154570061
-3.1775984288030714
-1.9703983579345294
1.2108065810331619
-7.009080373063797
-5.976068370596406
3.071487121550051
-9.805354606626146
-2.873608698647497
6.521867080134932
-5.953769721651054
-4.925742811276716
-4.827405138672894
-0.19915701219740517
-4.617060726662946
-5.938018252121321
-4.178167716899349
-1.958858787162487
-11.58940620020143
-0.10913092340593211
-4.377135266687374
-4.442583341974776
-1.3866900860569036
1.3563947919429657
-4.528020242978104
2.2773257973793952
-6.108629008355493
-13.529378783101784
1.1475513147138705
-5.3031348714535875
-10.953025062084407
0.21746307317407143
2.9656626261280215
-1.3370421496284155
-5.437506773256365
-0.3234804070529045
-10.923292735359661
-1.2994196213675462
-1.469676043883079
-3.837450465823972
0.44343580623874423
-9.308025652666402
-2.1266363898013965
7.084823096371536
0.9014765956830196
4.643908684384521
-0.7743154568281294
6.811506593810016
-1.8269277857345991
-6.2313673925868205
-2.3906941420016117
-9.078939351119136
0.5118886707742764
0.4482260015602451
-6.185594569458325
-10.267568267865254
-1.3867022173806816
-0.41500594042123584
-10.77045889008952
2.3085044713813128
0.6335606364314128
-0.8989977309552368
1.827308544758812
-9.034416409160235
0.9339069085718192
-6.442059465502966
-2.3472905558395354
-8.012726391725328
-2.7630099334465297
-14.12631430033057
-2.37114620246361
-3.559491658330219
-4.759719710582438
-8.19569550361717
-4.692479221639507
-3.251631198768555
-3.676601063895249
-0.1719059582230264
-4.82655618583678
-7.221064454761785
-8.084026454833982
-3.8668350221043517
-3.2544091633493646
-8.040979257059893
0.32333666236696024
1.5381906424277032
1.8291956960576923
0.22146030885291895
-5.219895570863281
-6.215443422981708
2.581402123184703
-4.182134221614914
-5.791722297214036
-10.14932947140405
-4.582609341526383
-5.3149084829552375
-2.1800503644845737
-2.602440443249739
0.7383632548625995
-10.879549070732283
1.8315689007263387
1.588715885944935
-1.0800562061556769
1.0723522194306323
-1.6430739510093308
-2.787610119919724
-1.4703717146552877
-0.7435636925521684
-7.549056439260422
-4.710287372057592
-0.3999812134687927
0.04089940920725765
1.0531837596209797
-8.532181790291288
-3.831705662462119
-4.904221265620063
-5.977642133121702
-2.3346215349687043
-1.5522344844599625
-2.9505748535423137
4.64586392868502
-5.54269132247811
-10.116870034998705
-2.3151213019041537
-1.1870695100630468
-7.12454108450255
-7.285495120139339
-1.4919156552746373
-0.24733394305710887
-5.897996254336567
-6.078892285933253
-6.147670057288965
7.645773242919634
-4.676973956020476
-3.1949184324047124
-5.269219920606637
-10.569116726574967
-1.342629395696727
-12.907741665962865
-5.682310685190253
2.2047326114383425
-1.344765217286036
-3.6313268054852963
-0.1666231599362255
-4.100195773356946
-3.9446666800630386
-6.254089489580673
9.382000746173013
2.1129414921454797
-1.2482311549363057
3.350854796259311
-3.9541028336362873
-1.8844146606992251
-3.3522751078443145
-3.6484893337107964
-11.023097176928156
-2.3345440760625373
-0.6588550867349479
-5.1376877496195075
5.689009496371526
-1.493156496893012
-4.3682702976111365
-8.277301944876054
-5.910154851545608
-8.189943877833244
1.4147043778725585
1.7637369324946515
4.223129999988525
-8.63920815782872
-4.941752594435955
1.0561651390657936
-3.4893672481155793
4.437174883336013
-5.287699584391403
-2.7444198875369197
-5.764974857754102
-8.774231130975542
-8.968233308939283
-8.582333216237787
3.8179202436705864
4.141927886419276
-4.179795093006075
3.1201585345061575
-6.237161901216366
-4.483616097912671
-8.446482653763313
3.063107857031375
1.145164799205212
2.294875643760503
3.808617888206331
-0.4339609139462313
-1.0492370946286833
-8.323107423511516
5.996482596995043
-4.602381492019584
1.244682275456443
-3.720057778553598
-3.382756035971046
-3.973911610493432
5.428802520440422
6.226085412911371
3.992793774213521
-1.5005009974921963
-3.4396757440872516
9.902965384507528
0.34489985101570964
-7.565457473389783
-2.7188932565175654
-16.082420467651083
-3.256076057304395
1.3158062290901518
-0.6693017809908737
-12.452033427915008
2.9505354913392177
3.5387540601600773
3.627703540960136
-14.729116184601233
-6.8627856564841485
-7.747943536959485
2.883299559359215
-9.088933894267727
8.38123593218755
1.494240271575428
-11.910583348038658
-4.656647463911865
-4.573214888572639
-5.360191509614092
2.6519581743175427
4.5958167555378475
-1.549094031159411
-6.201088459585973
3.7585831711135587
-2.443892774560657
-10.660590932236182
-10.966069676659039
-1.1861989098485266
-10.15877675268753
-2.9775019359049377
-3.729307578101131
0.06719498810262481
-3.453338093919211
-0.5481947805469171
-9.365729797527205
3.95261281743894
-5.642832463411775
-3.7997426600468933
5.478405137355362
7.140679223133495
-3.3567271520569184
3.6088977740564374
-2.1814467522822274
-8.494717644207853
-7.887761649908482
3.8621029214138822
-3.740071695595413
-6.0303112402073324
-1.992610050181629
1.7038224065995609
3.414642353652919
-3.492569110890846
-6.896276792738932
-2.3571825873991528
-5.416959312490717
0.822444217981706
-1.6906362866660338
-8.320633509308577
-0.15285543223839004
-5.926604360186168
-9.678639725430017
-2.1729217311040245
0.3086402939922299
2.6268903407059625
-1.1528617207056109
-1.3144780581053155
-2.880606400712855
0.2596765926746121
-0.08327111100773318
-0.9237542975424641
-2.4231332297976778
-4.886090881560743
-4.572081666906302
-0.10629239663542955
-0.8290189366827505
4.3386180687002165
0.4028990622400505
-6.300940997145698
-12.267679879676606
1.197870311480137
-1.8983580166647231
1.6874034993051756
3.9593293507284413
-6.2164902646317834
0.8174112844649981
-6.682201659700741
4.153833747403038
-0.49992183508388643
-3.1642040327533265
-1.8798144596545385
-7.004299344088992
-6.72159160224914
-3.410268499286103
-1.4813079329194287
1.3289812114088109
-4.119072704563739
2.0726053770551625
-1.6353082594477062
-0.0057115704528633016
-6.310855110909332
-4.8566666501017925
-1.140642464270903
-7.685322875761158
-0.9490048006567513
-4.824327353932274
-10.108598113969556
0.8061702178472272
-1.883904180097181
-4.6274920143549165
-4.861554772273521
-2.4798187106636185
-6.396142630827611
-1.9201871786594764
-4.290626081307122
0.5782127775453838
-3.783366821317914
2.9900851858051745
-8.052450093272231
-0.9569427565733614
-11.29081103649844
-1.2353523959485226
-0.027108747637963726
-0.8956117983012017
-8.347825449303066
-2.613886137082892
3.3581208066111374
6.073381009285303
-0.8641097137972262
-6.525463037450523
-0.9351749098746618
-1.893541799725096
-2.188842628422538
-5.869952214253363
0.2920294282094637
-3.4304427132527504
0.7452985939759995
-5.488324397682925
-5.470598897357907
-5.096095727580166
-0.5810202880642152
-1.4136425533072112
-5.47579186798285
-3.3208650434186406
-9.400905946987965
-2.436910253357766
0.7766115195367889
3.6587736055128377
-4.588254628965474
1.6430394482571824
-6.888531265787321
-6.113045374855421
2.833935039802215
-2.055265694648162
-1.5295721246960516
-9.367009472047805
-2.571617677167569
-7.731178818649443
-2.7923567701080163
-7.283042172029315
-0.7597041184005502
-0.970570201145257
-2.6921526936729343
-1.1114232860438924
-10.096048581761973
-0.7669527060372299
-6.489514711218021
-2.620449672499246
1.2378780990405565
-0.6277016567713154
-1.4078834337353778
-6.16664794091895
-1.2474528510364882
-0.7739096544183515
-9.90144789794506
2.6643432230036344
-0.36680041193062696
0.01516942688216294
-6.451672231156311
-7.880410084764759
1.360991969098833
-1.8702067121032695
2.5080270397013127
-8.335473414477926
-2.711975559238468
-1.6209972304997273
-1.8685874516573133
-16.43519695456286
-1.557336209342324
-1.3952335840859333
-1.7156324672175693
-4.827020080625233
-0.4468673926884857
0.41790832471289896
-0.5377643392723754
-9.405453745151187
-4.806798183720089
-7.920474423548605
-2.674218111092989
7.811030600577263
-8.652089575464176
-3.5780791913650862
3.704189125889015
-0.3829902096287936
-8.331988126871721
-1.7266768410635003
-4.917819363371415
-2.9563249452051106
-6.110839638445197
-2.310438196236084
-0.6094381390521189
-1.2236345411563234
-5.4655066467242435
4.818992159377686
-5.6023843264269555
-4.483025696512141
-6.56653017549062
-11.383177954738901
-0.4378089746040469
-5.215646058926421
-14.615982040775437
1.85082821181469
-5.089709883172125
-0.6162672651822633
-5.258447200464687
3.867000357026625
-8.414295124011582
-4.471964373616897
-1.885655546375336
-1.6761528564651291
-3.5355444101841202
-4.14508049939955
-7.118650246413244
0.6088592588654587
-4.6215454389340165
-2.1820990622303467
-1.3456695488019725
-4.4965231090956355
6.29036795629544
-2.891975863328029
-0.6193736856581681
-1.6541711146643652
2.450803643054003
-5.811768847828583
-3.5474467736125788
-2.372599496291217
-6.669370247538954
-1.7627026762884122
3.7199887401832332
-5.555573351470591
-14.377992000520186
-7.081510519393951
-8.159221682566905
-6.091763386150584
-10.669517688856045
-11.359621573796117
-4.734074415197771
-2.1804683279426915
-3.554454787428247
-1.783706093637463
-5.602138204251024
-8.836316002839563
-7.561096107155479
-14.68670562586912
-1.2909816465716082
5.178675016189827
-1.3953711124972799
1.9379112211060483
6.063703371882016
-13.52804748050483
-4.414256582907798
-0.697598329157711
-2.67345403828074
-1.1817220031228974
2.049124410641072
-7.739016929946817
-8.630029438070595
-3.4100892470212147
2.6947543852646882
-9.112767500470436
-7.673595463769609
-2.7382316076833493
-6.445975793920663
-5.028329488580404
3.2970662947814517
3.554858979188541
-1.5629396915097866
-1.1552247625682528
1.345763302972553
2.190767610509724
5.847304194868001
-0.8286436882036248
-8.645314695841313
-1.4427325882350956
-13.717949649699225
0.05619610036471401
-8.965431530827988
-7.2091775021546045
-7.95745002949276
-8.334222274024874
-9.872596233529617
-3.710999544918116
-0.45861914463216924
-7.7695549518305285
3.007042923502791
-6.797648059798616
-7.492131035485194
-11.30742187692383
-1.9049130031563068
-13.327578680189262
2.044552806041214
2.252317200700244
-1.2908911308527282
-6.414455424347551
-2.2018345346394486
-0.8429193985818337
-12.348522019969389
-4.135499212215629
-6.839539162086129
-4.224497805373839
-1.1483610736974978
-7.773602969990735
-3.7543467140996314
-4.597784087145226
1.3367609074274753
-4.586280252182512
-2.3832994690672367
-5.526720088983027
-0.4361295908132209
-8.82631450855811
-6.799682994506173
1.8166265574873899
-0.6621185270450757
-2.2210854790296195
5.565347882597862
4.5029609882169845
-7.992085840354889
-6.696351047029674
1.711295999431684
-0.9409341584538584
-3.674940127125975
-7.705185400347839
-0.31685554943242566
-4.814526776745274
-3.289491409399557
-2.3851657857176036
-2.9473572385548144
-13.955271827129511
-2.3273516797353424
2.448958174904586
-0.7269677829438373
2.147199803943117
-3.5941635538630257
-1.7249307611116151
-5.486231701880938
-12.567292581556508
-7.140676466765263
-6.168456266929867
-11.751249169955724
-9.41138322974145
-4.544625699852985
-6.973524996995845
7.366102420764586
1.2252160794488278
-11.178794449213852
-9.18359044097185
-1.250047226454342
-3.1502515737783137
-4.249464366187285
3.0959241302285188
-3.448787924269398
-8.160159757783394
0.421156562911713
2.5051788694256487
-1.4580390215879808
4.170871260251622
-0.8761682359217049
5.024023349982581
-3.6886361723798697
0.16173446796092011
-3.2441698107937884
-12.03581749329063
0.9476337448629364
-5.308849823896531
0.599479624392546
-4.412959554113861
-4.045475691199033
4.77199830254367
2.695856252953814
-8.109663160197456
-3.668811855225774
5.375179472301149
-4.205112679109093
-12.362587247597725
-2.9850948238544035
-0.5554388796004693
-0.8878852938889573
-1.7982802331812946
-3.7795757166872543
8.366103690066899
-0.8978948989013344
-4.440937733381963
0.553630206842834
3.8170239248977142
-5.799328739962043
-3.0689567275016643
-1.1050324317801257
-14.833034740630627
-12.641804332060266
-0.49438610357727353
5.697686274262903
-4.862831013363108
3.4741118856167623
-1.9424102935481509
-4.1900562769181695
-9.078296177250591
-5.232740002973202
-8.548775930009407
-4.2786353993522175
-8.39834852419137
-0.11002371701547514
3.0708430775022286
6.016000629083269
-1.5377168985382141
-0.1576044305994136
-5.375994380013747
-2.8022324366558076
-10.017502308723365
-4.486266424991898
-2.9335424357634428
0.398614823777923
-3.68614529062727
9.839941848477585
-2.0122626152854624
1.471973717022567
0.3308058743905165
-2.168376261832247
-10.671779038719107
-9.941574647189178
5.668323088241398
0.5392718391880206
1.9780993902346191
-3.800540723085687
-6.444888293690828
0.2482319283984348
0.3940073796658829
1.5888817712931824
-7.448966741176096
-12.615688613159799
3.533917434058434
-10.27971869810784
-0.9306864340062795
1.7786889755367097
-6.210313181665269
1.0518659473230554
-6.724368394707857
-7.698489468308068
-3.474010715260715
-0.4992971168309449
-1.468466308485896
-10.903580708873179
7.23210175753455
-1.9613348057949205
-10.14132363160445
-7.178945247123457
0.023986623568349685
-4.179740266520976
-6.661122004903259
-1.4632763984035229
2.7378463018986516
-7.8332898359932575
-4.631206672446271
-8.369831089263556
-0.7382210502856081
-4.75560158144799
-5.460248098518846
-2.356982869122796
-5.966524079249418
-1.6268037745894346
-11.816650169236008
1.340638294731633
-1.5468296280486769
-4.736033086818463
-8.266731281500737
-0.02668581296149697
-1.4505012962083128
-3.8095574718295704
2.1202027497478015
-5.1910747178365515
-2.7047010419226565
-5.062178555546226
-2.4422474024050844
-0.6280274253264222
-3.174801384015844
-7.393757087663591
-8.518692644729459
1.1777534512448518
-10.060428300529335
-3.7985453578765016
-10.082815180792988
-11.777540878982808
-5.739718581865885
-0.5802203990966884
-5.870096072703243
-1.880587729505525
-11.276345742084112
-13.624693750819862
-1.1020436111807843
-5.77650004929837
-9.284431407852022
-2.5889869210785807
-3.9130684511662093
-0.5765080086143399
-1.1698670745514836
4.053151011244676
3.620506451394461
-4.630697948040753
-9.772743554413042
0.14485958258413456
1.0997332673523812
-2.5256567442417093
-4.701784448735582
-3.1081386799477455
-10.207543014626996
-0.7917157165572781
-7.368482264453545
-12.811700241172561
-3.160051165365782
-1.3845656160233983
0.5000353775348364
-13.227765042984919
1.151951438400012
-3.8118449167278063
-5.767679355250308
4.259529605980251
-2.320421115448606
-2.314658730575339
-10.715199608322873
2.886090818175009
1.8392763959625738
-1.1285991987927666
-3.425127097290244
0.8246080405743152
-5.51154423090789
4.116905863566027
-9.901193048402416
4.109335974690036
-6.398338453410955
-8.569613992218523
-0.3084879964626726
-2.732738386468295
-1.947249015628083
-2.8557195903713284
0.5757563187274299
3.269935815975995
-8.04083626986484
-8.615632965109663
3.2786627175663896
-6.820892326891067
-8.008411189408275
4.403000983547416
-10.836707403873481
5.155648222481234
-3.0612542321738445
-5.297999860360644
-5.2412565993586036
-7.225585691649676
-7.147312557648363
-2.617056921722676
-7.9697616296313765
-2.570180852480975
-11.608217543366994
-11.216912998994342
-6.714423095557145
-6.760680538367476
-6.828353041733636
-5.8676009979736365
-5.2041024420244675
-1.6716677160304758
-1.1218418091790068
3.9636287376002675
-10.759789376506957
-8.024605355260054
0.2932241821233683
-2.6245698854053496
-10.106519596866521
-5.2053435496669795
-11.231370131997648
-14.153158445597901
-0.14928642006335607
5.194489625118401
4.123948530387978
-4.6770053030503576
-0.20617730167922121
-1.1389328924992879
-15.005031727079452
-1.6695642002761346
-8.411463962575159
1.8823507148889025
2.671856509086846
-14.093475251237711
-2.5972177420015328
1.6554135593847001
-6.655982773156787
-13.20268962225498
-6.854609543735476
-0.9288533327733063
3.6240747080314337
-3.1765566942905896
-1.7521711508356135
3.8804921348336476
-2.7979924991693976
5.903858892620119
-2.8630613908705325
1.2269032077670454
-1.8824061113635684
-9.411094133633862
-8.152111885265164
-6.167228081103259
-2.866499426310292
-7.949834914714399
0.6841843232552879
-0.6618645392487834
-8.428403175810306
2.0646533827323057
-10.90250403532105
-4.867824115571213
2.3023073895056902
-3.8071011287982968
-1.6797305243043361
-8.8494446872871
-10.583641889548307
-2.4497930524216924
-0.7289417307630098
-2.714353905595926
2.1742784617226936
-6.730664599362577
2.332377240921222
-9.282846429604346
-3.387814749577362
-7.601606280834473
-1.592073456943628
6.468902935396522
1.0199999703391813
-0.8648181850833332
-7.692750339581816
3.3410023228598513
-2.5691957481844794
2.289013982289834
-3.5853231272248998
-2.1252001789107817
-3.777164806341222
-7.3669476912350955
-0.7982867818267183
-2.5257669071630904
-3.186304813402089
-10.964088171683022
4.255963626487143
-0.33616790104706207
-3.0551257862887127
-4.4267839180130935
0.8887252317536875
-5.888861862237232
-7.462801805105433
-3.7907310498981284
-11.22638232112501
-14.28249402122184
2.9032486077188735
-4.26589482143552
2.612666798830178
-5.366640853590655
-9.761040396844674
-1.8619417147297574
0.15739257941175433
-6.067876682116527
1.5420723830721212
-4.449594210539039
-6.866513458506141
-7.118953171691144
-6.129013972097348
-7.064436859221742
4.776173148270678
0.2984941006409756
-8.382845441007074
-4.158671449304815
-1.3131560613260207
-9.293622296200049
1.6950112412128333
-7.4966930415007464
-3.340572154898204
-0.0470902795016217
-7.404093263809553
-1.3772995703255804
-0.13431345061585487
-13.893334788364328
-2.0875134446221493
-1.7185611620726393
-3.316371240708534
0.6886994292933021
-5.885896440575411
-3.53656025935481
-7.141160297181112
-2.9939241165238926
-5.0002606553521955
0.5689098849134768
-2.401383534563408
2.3796317152842863
0.9999643686232907
-3.69511451674209
-4.307020271481612
-6.1606519254322665
2.7691137471646265
-9.52353099787824
-3.9960372717638553
-5.407287553224599
-1.6653657632242018
3.100521169883983
-4.327948324438834
-5.574479458944823
3.048767712294543
-8.618533257588542
6.386102347169997
-8.499496629246618
1.0008928525433722
-0.6204254111528237
-2.5501797569215268
-3.1490347561504604
-6.135450051671086
0.31938645295892076
1.5368415634743848
1.6386189316679123
-0.8069494997854887
2.472114771705837
5.417825345293785
-3.8038772210538054
-4.497715045660528
-2.8275994464895016
1.8908638512317977
1.8421150544709142
4.153819979244118
0.27401321305255144
-4.5492602205296855
-1.9982212313397814
7.252688356404505
-8.350544001424648
-3.352720733827581
1.6362281314251872
-0.560858101749703
-2.9522426142277434
-2.2642596741156247
0.9386905073324213
-5.77614859351438
0.16291670353984164
1.7134042374152572
-4.972992579709887
-4.980612624773818
-8.621513737180926
0.7637396964505
5.642630016804706
-0.3340005820877452
-8.762421295795177
-6.942002963274756
-1.367945726741
2.7923665728523135
-0.13889219465735414
-4.644668243688145
-0.7343366045962517
-2.57006824412215
-1.6934651900730198
-0.5504283010875188
6.89515756035812
-13.349740728283937
-3.6538011156971675
-1.3712870101135344
5.0280719017610505
-0.0163527225511558
-1.8959736356968149
1.0405536688675767
6.519295696381735
-3.5791925053630687
0.6065792731109576
-0.9764364760237164
1.7132656713551557
-5.406989120718807
-3.0727921323808665
-6.282436427848674
-2.5687820205474274
-8.18806709960814
-5.841613393362156
0.601939738743235
-7.034071337838568
2.9109130784149366
-2.02228547307483
-10.454202928202488
-0.9049930047206838
-7.172053175175463
-1.4417889056672808
-11.198563971543075
-6.356081200649762
-4.234799122238804
1.796347959672237
-0.9727035910101175
-7.386867369274253
-6.869074380279255
-9.452237659420732
-3.462280363586503
-1.6768084472433273
-7.082501089636939
3.053257693151078
-3.6817178163936886
-8.75836348781423
-5.190369908129807
-7.328458790677585
-2.7851140640464878
1.238935257866415
-6.210676662047513
-3.3830578761285492
-3.013136648733626
-14.126875313424922
-3.553262307289497
-1.1581357068472387
-4.292350232392927
1.7228414048409897
-0.9126359356681555
2.8220709294533277
-4.611009338167866
-6.508750131692865
-0.8978582130514099
-4.699925128324771
-0.5971121262122373
-7.554160628360118
-4.563347107923219
-0.9757381673803387
-1.3464359605692258
2.439828715149182
4.895220873108736
-6.5630054345470095
-3.008697367509375
-6.577296968991929
2.2786276362709614
3.4368510508323453
-3.1423036906222137
-0.24574736488632065
2.7005323775457137
1.415872206463198
1.5957803131479635
2.013766990730619
-2.760253797410857
-5.657118860388231
4.415158749730052
-4.27661997064947
-5.823371985450542
-1.7246846912799865
4.723528223501568
-3.738842686500698
-5.499389485896259
1.3217119693936752
-8.86037296289921
-4.6246814111423795
-1.464237836842475
-3.4512322800099966
-9.434931619375526
-1.507913895101738
0.7962549952997737
-6.957745747346068
-0.2239781214706449
-10.319399538046861
-0.37023987287919224
-4.422853935691359
-9.130431158041855
-19.618126684278035
-0.8612598319659165
-7.252307011076836
-1.4356701948945219
-5.433040743559837
3.426856996395631
5.78346560792652
-2.6922730576939857
-2.762087960427346
-6.5674233169180205
-3.532778892738309
-4.057054343435655
-0.5955402907718809
1.1451464840326788
-1.641465137848803
-2.96940625752257
-7.525256665947323
2.095188638529739
-1.7864533883739946
-3.7652085831862236
-0.6823558647614695
1.9861443761867208
5.833700048664817
-9.300724328640323
-3.054814078958905
-4.702308987607916
-8.68260346949258
-10.858712850097827
-10.716389285298325
1.0284055936400822
-6.296100463411352
-0.3887126025337837
2.6906306298101916
-0.7625760093003294
-2.5624217389677577
-1.7231458548527938
-7.0842758509499015
1.2140339568750314
6.562759044719086
3.1922686746347333
-8.776962210485653
0.44847708391715346
-0.9297357837319542
-8.598399304364396
-7.392218617883963
-13.352519415167826
-7.6371587704944375
-1.7400852666857713
-1.0860245599555247
-7.14438153957384
-0.35180570884781415
-0.04291792469317324
2.3289805413140106
-5.136394744509089
-4.441702870547535
-4.588564183819176
-5.369007025660653
2.974762363723676
-8.548810229519852
-1.6747774967315734
-5.026561375914967
-9.562450043899481
-13.834389531796718
-1.9132462032304394
-2.1050603372485988
-2.8441474101158466
-9.663920061846435
-4.468692181695444
-3.7041275790425017
-8.395061603481155
0.9242359874772244
0.5064555821684534
-3.799524830925362
0.49900470932075147
-3.3720494681410282
5.229483173969355
-0.24350336772170278
-0.035419361743247446
4.581122899777531
0.34141478701802885
-1.421501547051957
-5.169605659212898
0.21255114282314858
-1.3675319992280828
-9.314492721943548
-3.3785120104994792
0.09440510678533354
-6.677565106584779
5.679650601170744
-4.619873983047237
-12.616715259085042
-0.7847520815587821
2.291950073156565
-0.4094094234771708
-4.044793577396192
-3.171869171769853
-9.018178682928282
-2.319877990052121
1.6365221310967484
-8.298789863531894
-0.669360351205937
-6.666822267337118
5.1657144224274845
-4.816589849331428
4.333769915081672
7.30133220933879
-1.7734763036818293
-8.760383928446554
2.186671653237939
-7.450590343946942
-11.468295676681613
-1.701454500015112
-3.8294263892374603
-1.9797428042055163
-5.740927513972788
-4.481478115389919
-5.612858354183167
-0.7480134631031331
-12.411240569130294
-5.481385367571796
-5.327861441129834
-7.436791369357072
-1.208782047144369
0.8501237584466312
-6.47219955721514
-4.046976642130813
-5.672102567003075
-10.435081575498328
3.108026421813281
-1.1249959094386615
-11.505127597428311
-10.409071580949819
-0.5445423342036255
1.0137447699501285
2.101375280200615
-9.90180281101973
-7.0226310229467925
-7.152750514067707
1.9609486237494453
-6.5836509337643365
-9.294371618537772
-2.4054799506579787
-2.9196815861216443
-0.6452515339815796
3.7998346178315154
-8.274426545663312
-5.425997036061535
-5.350889567306767
-12.412442974010078
-3.970788668749525
-0.35758957177573913
-6.608510968543333
-3.5547808318463456
-1.1819207141821395
-6.05593364420682
-10.340434069171938
2.424579533221743
-10.09588638178324
-7.446680901589965
5.514233866060896
-4.993324962880225
-0.5761473749100388
1.4853652230532155
-9.219651169535165
-3.5203705228252833
-2.5967700515900423
-1.5385331745409458
-4.770523432160745
-0.27885402060999276
-8.387540737053662
2.520230116939152
-6.679429084227278
-4.469580919803536
0.468876437471018
-8.375018098628724
2.0341471740094854
4.905987973113926
-5.123274663544564
-5.2317735181977465
-7.329596561925173
1.5609386286646998
-3.4565769480705875
-1.1084998550327887
-5.30403689946235
-0.5912848099889167
-11.11277835270634
-3.5689733022953396
-5.757399987033095
-6.771675773263543
-1.839944309947198
-0.5020888316660403
-3.671126540935351
-1.8734707330048577
-2.7182347424265974
0.2915603079396544
4.744139900890233
4.265746290711046
-0.1993079081547242
-3.3977365968592554
-8.834044028004602
-4.3972918923774555
-3.120462595230905
-5.344382463560583
-5.004275101364923
-1.2341659015315898
-3.980327080259481
-0.7829495864529885
-3.544163017566017
-1.6930115859899184
-3.719721717416317
-5.937853644570107
-7.174120412040742
3.989503462242644
-3.023130231745409
-3.2513654758293113
1.7156499598075805
-0.2351395596267225
2.7890260260373587
1.5375648929461643
-10.147648408303672
-10.376558006854593
-4.294817908783555
0.28448344903308687
3.2672553128354798
-1.3650423480801126
-3.466539708723149
-1.1159158010798156
8.523135828705508
-4.4549512169617165
-5.141774816367828
-6.16813949270477
4.561483015142306
-7.109136351288193
-3.8777566265882326
-0.5445961099315257
-1.897516919291767
0.039859072478903856
-8.395609256600597
-1.427641806492736
-3.0402662272213874
-0.42116252485132466
6.735908896602741
-3.5835950146239313
0.24607710528467086
-3.8205550952254943
-5.633378787759487
-1.0695707474519731
-8.828156416242187
-1.3022108146476277
-4.602013063621021
-5.9111450728379875
-4.877756964664746
-1.3560724664559718
-0.9499481181284328
-10.081725948100466
-6.031819393676728
0.1348113696851092
-5.4936569814679315
-3.934180776217545
-5.915591005157337
-1.7220764618070394
-9.183660678472531
-2.4344216366767224
-0.8545982349298988
-5.690722994650297
-5.4141751598666445
-5.241400261328845
-7.378443492344218
-4.300222376246383
-2.6968073258790146
-8.549868334467039
-1.4708011707282274
-0.7779332500597237
-9.308876116126019
-4.815299163806944
-4.782499334112852
-8.687251204651556
-6.638167835770326
-1.3725456450115936
-3.447382622989598
3.7217998693729246
-6.499052720761036
-10.279539454157554
-8.972678166973376
-4.164594327632238
-5.267935209575933
-5.235952581000299
1.5093195254176544
0.5693705175046808
-7.801711361068369
-1.2909952013031507
4.67721458866602
4.872499374760011
0.28305907284636705
-1.1492012944399508
3.19878157030624
1.1797680137056579
-0.11851635438015168
-3.805465601945323
-4.8766891282978015
-0.317667694290944
7.505281217254603
6.246269954053087
0.6533009324130155
-8.379354400453046
-1.1552079717041273
-3.6674796965485688
-6.1599278295726325
-3.5796955089135025
-4.915370930132133
-1.8100233289129988
-9.673253164823421
1.6732893196429979
3.199428648418641
-10.485328439824345
-9.196964966062367
-3.203580205071697
-3.7813143397057565
0.19666756173917543
-10.944849299021865
2.002491781313036
2.5814299904692253
-4.357049008908808
-5.549508574128357
5.886728216180519
-5.133243186584392
-0.8497538993745244
-4.699528075889084
-6.846173467358032
-5.496813890693236
-4.388836258989111
0.40435953878753367
-4.069323227438032
-11.17257337363472
0.9120013645529376
-9.112022939273754
3.583762911627956
9.158602859401674
-12.317485709151066
-3.5195458446326304
-3.9787315672981993
-10.450988630215617
5.639374685210866
-10.080845771087649
3.130477245282616
-3.181212431104788
-9.177874840478408
3.361073910201016
1.6983604063157813
-3.1729993744473153
1.7036772249516987
-4.540175818064958
-6.257191480693216
-7.434417271886556
3.169986956286706
5.014892269033273
-8.691792178034055
0.0457986431869023
-6.953211181579417
-3.5997954712608866
-6.620972808516183
3.3384383259189083
0.7856946541605965
-6.9635469866469295
-5.825305790964879
-0.21825422695738816
3.785617262015154
-1.150091076472779
-4.185983212431908
-4.660778127706029
-9.830319870038245
-7.322284714839146
-2.960593212697996
-1.7656386350365696
-2.970385607564163
-2.5034147995191725
-3.9686427785340146
3.724842527749546
-11.240103139320075
5.2870965843130495
-11.548472741089357
-10.351404985197629
-11.25319105345022
1.2719442868517017
-13.940913018064954
-3.6868102359489137
-0.7584842641789113
-13.781671472425966
-0.6800505591300456
-1.7991540906534103
-3.7761154039536935
2.3522225802398418
-6.221760561191019
-7.496029744365705
-3.8562014810423584
-3.0050452040950897
-9.027522844864912
-3.3197058228264087
-3.2728744865513217
1.23018375583519
-1.3233028014188508
0.9329211476288484
-4.650111414436184
-5.999042949947279
-3.94970048984142
-1.1522208614044511
2.347852543884096
-4.871294565269534
-1.6550326899267092
-2.6674829599041363
-2.9597906292735177
0.4501451084381107
-4.684326783014014
1.1184301369988858
-9.011628806739502
-1.544073720053313
-4.875557743564663
-13.514339285086384
-6.080022181999964
5.581662077014949
-6.091473390321599
4.460405217058841
-5.263047006166914
4.715357725449328
0.09233666551339781
-9.197540528670245
-1.4816816078693018
5.1232656702873065
-1.3226846566334252
1.3636332851292758
0.30753251939624093
0.5093024582187958
-0.8834180363177256
-5.731689501122832
-2.9355585248408524
3.3626160294682697
-0.9731184300422276
-5.9971046322207915
-2.8112687007494284
-5.8906318336039005
-1.6941459738566553
-2.5399797848140997
-0.19234434381455368
-4.300671250892659
-5.797369252436253
-3.084283093396507
-1.81130316571024
-3.8369544955350485
-1.0279026316857842
-3.6216652621151386
0.5114506357967555
-8.13426746317514
-10.992618984582398
-1.1960216902341312
-2.450320534557311
-4.652305067067722
-10.813475633310587
-1.9901074090740178
-6.237191737835687
-8.884765358665438
-5.57810045408795
-4.456072360168243
0.9665691568213596
-4.270534750716927
-3.422618842004141
-2.0796520877117346
-4.710692393960444
-11.033993812165747
-3.2954225076539005
-5.488151400868099
-2.7554393781573028
-2.146775208603784
3.219793377961028
-7.035497665703815
6.68062515118605
-9.940387479646331
-2.2643666340757305
-2.647372011413011
-2.3628855337944974
-2.5117359586727908
-1.4228639284423297
-10.88513308924716
-0.052855201095111326
-2.163046307118064
1.1727145809478094
0.9826829307062974
1.1219384400720955
-8.33162184637047
-1.6380216331685333
-4.302452384805341
-3.1218713402268037
2.3119158865712106
-2.1090466833117008
-5.34328638903416
-3.3281289894808737
-6.6803137302614894
5.121122254793606
-7.387350086106054
-7.079315924884868
0.5038880048566053
1.2812345597896797
-1.9232213981576696
-2.9810704026523918
-1.6892066264439747
0.8306803337304143
-1.8036912975314277
-1.259203665541283
-4.421416389860866
-1.266587587110914
-4.431375458160742
-4.306048779594909
-2.224241810979526
-3.760624507757094
-2.789728073847062
0.4340376081963309
-0.8502566581765081
-1.8847234585919597
-7.27706897135916
-5.853151131148152
-10.049927845135159
1.399105800826185
-0.14873754019704716
4.7329593307920845
0.2667358375959903
-7.0912435246241605
-11.91829952970096
-5.325589282933183
-1.5912675386645432
-1.3217634409500223
-1.136616942692611
-7.066955121376418
-1.6963106279987823
-3.673880884675659
2.7076623757715406
-13.83536855661789
-0.12070415409052293
-4.312846549994205
-2.4746677983818395
-2.150142390051367
-1.113529349516725
-5.431256246520305
-0.147883200608237
4.63265695417298
0.3708601180847099
1.08143162210406
2.4545290155660116
-7.447955465122658
-6.072129183900761
-5.582758596303124
-4.149923989866123
-8.163493264841131
3.607572450797889
-2.4027783243432985
2.7449601357443285
1.7334274247772277
0.43429888763856894
-3.55293293167026
-3.9102121208311518
-9.365591373322903
-2.833265267800197
-3.4860908036221327
-5.475239513277502
-2.6526328908717773
-2.130440093393762
-4.859397982324923
-1.8041467879307032
-5.870995536309587
-7.275151596932409
3.869120122158508
0.34887524883560705
-1.1001140831322778
-6.1366630161074465
0.5485865363968062
-7.760900075527772
-6.880731509412142
-0.32024321430476954
-0.8310535815099417
1.0943962120501998
-9.520936721545665
-1.7617587877756424
-7.015658870926251
-4.290108419925458
-2.346447836035383
-13.843488345468007
-6.557715506235505
-0.820510924097881
-6.530369457949453
-5.154890092881027
4.952097429281852
-4.40242767074042
2.7647088719921364
1.7948722271863409
7.5933515283791415
-0.05580606561832502
-4.2802230931190115
1.2068101670857434
-5.4591847641477615
-2.510194386680051
-10.393136266475132
4.276558462974941
-8.301094209162274
-3.4136034297812827
-3.0128642637474754
-2.7610998068141184
-2.166208339750982
-8.153540212953214
-3.2035246686407235
4.235588454606092
-0.7761849674788454
-3.8613383452921384
-10.349450765478663
-8.923269038516597
-1.0271921099035801
-0.19411860345806248
-0.37794841826179193
-1.202151949663808
-0.718778618093299
-10.910820451430535
-9.431333932683323
-11.998198014980117
1.0847335746695634
-2.372056897154755
-12.226119141053182
-5.05736112922059
-9.97979113170648
-5.705600915688526
-5.4912416114476414
7.095942371389876
-2.767612743947518
-4.886350466157141
5.8256872473907695
0.3863247171279157
-2.629854232418602
-8.115501313995226
3.7679175990198446
-6.890286085494111
-0.09712987612564827
-0.970055833317736
-2.9466928249272706
-6.26212286130373
-8.770611568405403
-2.625935484165406
-3.968960456696967
-3.1453684881362047
-3.215849087590814
-5.279709404791071
-0.1371239022248647
-3.685360047219631
-11.657962334507491
3.3600538821303836
-8.667811785228617
-0.787025176043081
-9.266001307713115
1.1390826355879604
-4.222051516894656
-4.969134355443408
1.972601169225177
4.732987119752467
-7.709743266788052
-9.363985002203462
-4.4177540767478956
-1.2654707337637183
4.9953268764191865
-9.507542382465035
-5.40854107582885
-7.433532523875755
-6.053234676721667
-11.251305593208858
-8.312502815322585
-9.763324320843632
-5.331647167597031
-3.4696670358830763
-0.08133057703712915
-5.20282206922078
2.778335275141429
-1.2503918631301858
-13.940457806301279
-6.412790002390487
-0.6576102572323813
-14.713013278009122
-1.6087548961873779
-10.459848010206887
0.8148338915627494
0.5507320331410933
-10.17505040137229
-11.963194083909908
-13.331871584816234
3.6199239787350876
-0.20043340555258793
4.611390502086835
-2.5381544463779555
-1.8779518156416801
-4.7359562398301955
-3.692572728608758
3.5461192313680057
1.8913398509205248
-6.418158612032137
-4.951043849071725
2.0137168005440254
-7.386722783252529
2.1005182245836265
-10.003102110098673
-5.808092177257496
-9.158757617923227
-11.658316265064109
-4.8047520107314226
-3.802348894805461
-8.366720885735802
-4.495938373818264
2.3956598738393655
-2.4058059980102637
-7.490819710323771
-3.5143473187193766
0.11657559094569869
-2.911906543889228
0.3669021412102029
-5.210916871504746
-2.1033094307389275
-3.677860481828229
-2.0303315554468164
5.1208518849357105
2.2062964437355586
1.6776446689096827
-7.911666855741017
-1.9775259189126408
-9.097761065399949
1.1023074382999374
-6.859673891783471
-5.4401395756283275
-15.06160164152572
-9.394156275950643
-2.2871938905124622
2.3710154655454816
-0.5636087691737888
0.06379811090933707
-0.22444071860215514
-3.9671538710569525
2.5509628231855945
6.280986249693489
3.7842567957524063
0.4221917855523416
-3.68072276784142
-6.068466501258838
-4.499266872404804
-9.1438969020951
1.2427072014279759
-6.734837132844611
-2.054631578438909
-1.4447942944388894
2.141620377551473
-0.6611851999786114
1.705559123699487
-4.26466244998898
0.4959661247557501
-5.734741677353979
-9.043263170669457
-8.125011013893936
-3.477486304817174
5.505738111855142
-0.12523058070381354
-5.061901277826844
1.6446683340996273
-1.1191073731937176
-3.6864289142154405
-6.572679377801553
-2.337798376655548
-4.634324048243758
-2.230489357640899
-3.5195027263237226
-1.0928164333504862
-5.393331036835057
-8.258367192378728
-1.987571853619657
1.5527923338343692
-10.382437400471145
-3.0196761753745465
-1.3231253551409339
2.6322151334273483
-12.435671217687675
-9.30869896614439
-0.24665408870391936
4.473364395457519
0.1887949636689028
-3.2924752068797547
1.2069383953343507
-4.269315585938587
-2.0451340908199365
-5.609928868344644
1.9223250495206423
-5.94718914992554
-5.288772594983252
3.85118723834132
2.3628809743707975
1.128763556260513
-1.2386160596779594
-4.53306255451906
-8.090539321373665
-3.2037727769850703
2.2909783573283438
-2.8703086599518643
-7.748605454723846
2.9383397789731047
0.5583968601249265
-1.7703749155503963
1.5003240601069967
-2.721340381541912
-6.763835202266362
-14.588603973103245
-3.6932893722584756
-11.973930444080791
-3.335886381898003
-8.63293884813618
-6.156851613399117
0.9199330368299351
2.589318179783068
-4.0176516555679616
2.863942930564315
-0.9393007249623638
-2.056185245282104
0.12664706830980554
-5.028195882590914
-0.40461005211040546
0.8319298809701736
-3.8260043253866773
-1.6286269845877333
-2.7485213377080884
4.990681845346089
3.1444072080208056
-1.5041511002075996
2.257255462122227
0.6278875325475497
-2.587146133221102
-3.322912623607627
-7.580578717523457
-5.231082206033324
-8.148305240104168
-4.592155294294584
5.385797718997543
-2.267706852084408
-7.3306410548398215
-3.931162122056426
0.3107636961432158
-13.392278606265045
0.1729482473213363
-1.6727749679555215
0.837127270414765
-10.86911378284561
-4.5105811829560185
-7.008946436859608
1.8905181416582097
0.008111317802978468
5.892806447572829
-11.594527485666227
-7.835702773833351
0.12741526295082806
-7.7858886760828225
-5.255549490120942
-1.484846767085703
0.8855650112035367
-10.247474245573294
-5.163055611654909
-1.0444384913376976
-5.855683926460202
-6.921787661359643
