BuildV1 Chr Pos Freq 
       1   1      33333 0.5 
       2   1     100000 0.5 
       3   1     166667 0.5 
       4   1     233333 0.5 
       5   1     300000 0.5 
       6   1     366667 0.5 
       7   1     433333 0.5 
       8   1     500000 0.5 
       9   1     566667 0.5 
      10   1     633333 0.5 
      11   1     700000 0.5 
      12   1     766667 0.5 
      13   1     833333 0.5 
      14   1     900000 0.5 
      15   1     966667 0.5 
      16   1    1033333 0.5 
      17   1    1100000 0.5 
      18   1    1166667 0.5 
      19   1    1233333 0.5 
      20   1    1300000 0.5 
      21   1    1366667 0.5 
      22   1    1433333 0.5 
      23   1    1500000 0.5 
      24   1    1566667 0.5 
      25   1    1633333 0.5 
      26   1    1700000 0.5 
      27   1    1766667 0.5 
      28   1    1833333 0.5 
      29   1    1900000 0.5 
      30   1    1966667 0.5 
      31   1    2033333 0.5 
      32   1    2100000 0.5 
      33   1    2166667 0.5 
      34   1    2233333 0.5 
      35   1    2300000 0.5 
      36   1    2366667 0.5 
      37   1    2433333 0.5 
      38   1    2500000 0.5 
      39   1    2566667 0.5 
      40   1    2633333 0.5 
      41   1    2700000 0.5 
      42   1    2766667 0.5 
      43   1    2833333 0.5 
      44   1    2900000 0.5 
      45   1    2966667 0.5 
      46   1    3033333 0.5 
      47   1    3100000 0.5 
      48   1    3166667 0.5 
      49   1    3233333 0.5 
      50   1    3300000 0.5 
      51   1    3366667 0.5 
      52   1    3433333 0.5 
      53   1    3500000 0.5 
      54   1    3566667 0.5 
      55   1    3633333 0.5 
      56   1    3700000 0.5 
      57   1    3766667 0.5 
      58   1    3833333 0.5 
      59   1    3900000 0.5 
      60   1    3966667 0.5 
      61   1    4033333 0.5 
      62   1    4100000 0.5 
      63   1    4166667 0.5 
      64   1    4233333 0.5 
      65   1    4300000 0.5 
      66   1    4366667 0.5 
      67   1    4433333 0.5 
      68   1    4500000 0.5 
      69   1    4566667 0.5 
      70   1    4633333 0.5 
      71   1    4700000 0.5 
      72   1    4766667 0.5 
      73   1    4833333 0.5 
      74   1    4900000 0.5 
      75   1    4966667 0.5 
      76   1    5033333 0.5 
      77   1    5100000 0.5 
      78   1    5166667 0.5 
      79   1    5233333 0.5 
      80   1    5300000 0.5 
      81   1    5366667 0.5 
      82   1    5433333 0.5 
      83   1    5500000 0.5 
      84   1    5566667 0.5 
      85   1    5633333 0.5 
      86   1    5700000 0.5 
      87   1    5766667 0.5 
      88   1    5833333 0.5 
      89   1    5900000 0.5 
      90   1    5966667 0.5 
      91   1    6033333 0.5 
      92   1    6100000 0.5 
      93   1    6166667 0.5 
      94   1    6233333 0.5 
      95   1    6300000 0.5 
      96   1    6366667 0.5 
      97   1    6433333 0.5 
      98   1    6500000 0.5 
      99   1    6566667 0.5 
     100   1    6633333 0.5 
     101   1    6700000 0.5 
     102   1    6766667 0.5 
     103   1    6833333 0.5 
     104   1    6900000 0.5 
     105   1    6966667 0.5 
     106   1    7033333 0.5 
     107   1    7100000 0.5 
     108   1    7166667 0.5 
     109   1    7233333 0.5 
     110   1    7300000 0.5 
     111   1    7366667 0.5 
     112   1    7433333 0.5 
     113   1    7500000 0.5 
     114   1    7566667 0.5 
     115   1    7633333 0.5 
     116   1    7700000 0.5 
     117   1    7766667 0.5 
     118   1    7833333 0.5 
     119   1    7900000 0.5 
     120   1    7966667 0.5 
     121   1    8033333 0.5 
     122   1    8100000 0.5 
     123   1    8166667 0.5 
     124   1    8233333 0.5 
     125   1    8300000 0.5 
     126   1    8366667 0.5 
     127   1    8433333 0.5 
     128   1    8500000 0.5 
     129   1    8566667 0.5 
     130   1    8633333 0.5 
     131   1    8700000 0.5 
     132   1    8766667 0.5 
     133   1    8833333 0.5 
     134   1    8900000 0.5 
     135   1    8966667 0.5 
     136   1    9033333 0.5 
     137   1    9100000 0.5 
     138   1    9166667 0.5 
     139   1    9233333 0.5 
     140   1    9300000 0.5 
     141   1    9366667 0.5 
     142   1    9433333 0.5 
     143   1    9500000 0.5 
     144   1    9566667 0.5 
     145   1    9633333 0.5 
     146   1    9700000 0.5 
     147   1    9766667 0.5 
     148   1    9833333 0.5 
     149   1    9900000 0.5 
     150   1    9966667 0.5 
     151   1   10033333 0.5 
     152   1   10100000 0.5 
     153   1   10166667 0.5 
     154   1   10233333 0.5 
     155   1   10300000 0.5 
     156   1   10366667 0.5 
     157   1   10433333 0.5 
     158   1   10500000 0.5 
     159   1   10566667 0.5 
     160   1   10633333 0.5 
     161   1   10700000 0.5 
     162   1   10766667 0.5 
     163   1   10833333 0.5 
     164   1   10900000 0.5 
     165   1   10966667 0.5 
     166   1   11033333 0.5 
     167   1   11100000 0.5 
     168   1   11166667 0.5 
     169   1   11233333 0.5 
     170   1   11300000 0.5 
     171   1   11366667 0.5 
     172   1   11433333 0.5 
     173   1   11500000 0.5 
     174   1   11566667 0.5 
     175   1   11633333 0.5 
     176   1   11700000 0.5 
     177   1   11766667 0.5 
     178   1   11833333 0.5 
     179   1   11900000 0.5 
     180   1   11966667 0.5 
     181   1   12033333 0.5 
     182   1   12100000 0.5 
     183   1   12166667 0.5 
     184   1   12233333 0.5 
     185   1   12300000 0.5 
     186   1   12366667 0.5 
     187   1   12433333 0.5 
     188   1   12500000 0.5 
     189   1   12566667 0.5 
     190   1   12633333 0.5 
     191   1   12700000 0.5 
     192   1   12766667 0.5 
     193   1   12833333 0.5 
     194   1   12900000 0.5 
     195   1   12966667 0.5 
     196   1   13033333 0.5 
     197   1   13100000 0.5 
     198   1   13166667 0.5 
     199   1   13233333 0.5 
     200   1   13300000 0.5 
     201   1   13366667 0.5 
     202   1   13433333 0.5 
     203   1   13500000 0.5 
     204   1   13566667 0.5 
     205   1   13633333 0.5 
     206   1   13700000 0.5 
     207   1   13766667 0.5 
     208   1   13833333 0.5 
     209   1   13900000 0.5 
     210   1   13966667 0.5 
     211   1   14033333 0.5 
     212   1   14100000 0.5 
     213   1   14166667 0.5 
     214   1   14233333 0.5 
     215   1   14300000 0.5 
     216   1   14366667 0.5 
     217   1   14433333 0.5 
     218   1   14500000 0.5 
     219   1   14566667 0.5 
     220   1   14633333 0.5 
     221   1   14700000 0.5 
     222   1   14766667 0.5 
     223   1   14833333 0.5 
     224   1   14900000 0.5 
     225   1   14966667 0.5 
     226   1   15033333 0.5 
     227   1   15100000 0.5 
     228   1   15166667 0.5 
     229   1   15233333 0.5 
     230   1   15300000 0.5 
     231   1   15366667 0.5 
     232   1   15433333 0.5 
     233   1   15500000 0.5 
     234   1   15566667 0.5 
     235   1   15633333 0.5 
     236   1   15700000 0.5 
     237   1   15766667 0.5 
     238   1   15833333 0.5 
     239   1   15900000 0.5 
     240   1   15966667 0.5 
     241   1   16033333 0.5 
     242   1   16100000 0.5 
     243   1   16166667 0.5 
     244   1   16233333 0.5 
     245   1   16300000 0.5 
     246   1   16366667 0.5 
     247   1   16433333 0.5 
     248   1   16500000 0.5 
     249   1   16566667 0.5 
     250   1   16633333 0.5 
     251   1   16700000 0.5 
     252   1   16766667 0.5 
     253   1   16833333 0.5 
     254   1   16900000 0.5 
     255   1   16966667 0.5 
     256   1   17033333 0.5 
     257   1   17100000 0.5 
     258   1   17166667 0.5 
     259   1   17233333 0.5 
     260   1   17300000 0.5 
     261   1   17366667 0.5 
     262   1   17433333 0.5 
     263   1   17500000 0.5 
     264   1   17566667 0.5 
     265   1   17633333 0.5 
     266   1   17700000 0.5 
     267   1   17766667 0.5 
     268   1   17833333 0.5 
     269   1   17900000 0.5 
     270   1   17966667 0.5 
     271   1   18033333 0.5 
     272   1   18100000 0.5 
     273   1   18166667 0.5 
     274   1   18233333 0.5 
     275   1   18300000 0.5 
     276   1   18366667 0.5 
     277   1   18433333 0.5 
     278   1   18500000 0.5 
     279   1   18566667 0.5 
     280   1   18633333 0.5 
     281   1   18700000 0.5 
     282   1   18766667 0.5 
     283   1   18833333 0.5 
     284   1   18900000 0.5 
     285   1   18966667 0.5 
     286   1   19033333 0.5 
     287   1   19100000 0.5 
     288   1   19166667 0.5 
     289   1   19233333 0.5 
     290   1   19300000 0.5 
     291   1   19366667 0.5 
     292   1   19433333 0.5 
     293   1   19500000 0.5 
     294   1   19566667 0.5 
     295   1   19633333 0.5 
     296   1   19700000 0.5 
     297   1   19766667 0.5 
     298   1   19833333 0.5 
     299   1   19900000 0.5 
     300   1   19966667 0.5 
     301   1   20033333 0.5 
     302   1   20100000 0.5 
     303   1   20166667 0.5 
     304   1   20233333 0.5 
     305   1   20300000 0.5 
     306   1   20366667 0.5 
     307   1   20433333 0.5 
     308   1   20500000 0.5 
     309   1   20566667 0.5 
     310   1   20633333 0.5 
     311   1   20700000 0.5 
     312   1   20766667 0.5 
     313   1   20833333 0.5 
     314   1   20900000 0.5 
     315   1   20966667 0.5 
     316   1   21033333 0.5 
     317   1   21100000 0.5 
     318   1   21166667 0.5 
     319   1   21233333 0.5 
     320   1   21300000 0.5 
     321   1   21366667 0.5 
     322   1   21433333 0.5 
     323   1   21500000 0.5 
     324   1   21566667 0.5 
     325   1   21633333 0.5 
     326   1   21700000 0.5 
     327   1   21766667 0.5 
     328   1   21833333 0.5 
     329   1   21900000 0.5 
     330   1   21966667 0.5 
     331   1   22033333 0.5 
     332   1   22100000 0.5 
     333   1   22166667 0.5 
     334   1   22233333 0.5 
     335   1   22300000 0.5 
     336   1   22366667 0.5 
     337   1   22433333 0.5 
     338   1   22500000 0.5 
     339   1   22566667 0.5 
     340   1   22633333 0.5 
     341   1   22700000 0.5 
     342   1   22766667 0.5 
     343   1   22833333 0.5 
     344   1   22900000 0.5 
     345   1   22966667 0.5 
     346   1   23033333 0.5 
     347   1   23100000 0.5 
     348   1   23166667 0.5 
     349   1   23233333 0.5 
     350   1   23300000 0.5 
     351   1   23366667 0.5 
     352   1   23433333 0.5 
     353   1   23500000 0.5 
     354   1   23566667 0.5 
     355   1   23633333 0.5 
     356   1   23700000 0.5 
     357   1   23766667 0.5 
     358   1   23833333 0.5 
     359   1   23900000 0.5 
     360   1   23966667 0.5 
     361   1   24033333 0.5 
     362   1   24100000 0.5 
     363   1   24166667 0.5 
     364   1   24233333 0.5 
     365   1   24300000 0.5 
     366   1   24366667 0.5 
     367   1   24433333 0.5 
     368   1   24500000 0.5 
     369   1   24566667 0.5 
     370   1   24633333 0.5 
     371   1   24700000 0.5 
     372   1   24766667 0.5 
     373   1   24833333 0.5 
     374   1   24900000 0.5 
     375   1   24966667 0.5 
     376   1   25033333 0.5 
     377   1   25100000 0.5 
     378   1   25166667 0.5 
     379   1   25233333 0.5 
     380   1   25300000 0.5 
     381   1   25366667 0.5 
     382   1   25433333 0.5 
     383   1   25500000 0.5 
     384   1   25566667 0.5 
     385   1   25633333 0.5 
     386   1   25700000 0.5 
     387   1   25766667 0.5 
     388   1   25833333 0.5 
     389   1   25900000 0.5 
     390   1   25966667 0.5 
     391   1   26033333 0.5 
     392   1   26100000 0.5 
     393   1   26166667 0.5 
     394   1   26233333 0.5 
     395   1   26300000 0.5 
     396   1   26366667 0.5 
     397   1   26433333 0.5 
     398   1   26500000 0.5 
     399   1   26566667 0.5 
     400   1   26633333 0.5 
     401   1   26700000 0.5 
     402   1   26766667 0.5 
     403   1   26833333 0.5 
     404   1   26900000 0.5 
     405   1   26966667 0.5 
     406   1   27033333 0.5 
     407   1   27100000 0.5 
     408   1   27166667 0.5 
     409   1   27233333 0.5 
     410   1   27300000 0.5 
     411   1   27366667 0.5 
     412   1   27433333 0.5 
     413   1   27500000 0.5 
     414   1   27566667 0.5 
     415   1   27633333 0.5 
     416   1   27700000 0.5 
     417   1   27766667 0.5 
     418   1   27833333 0.5 
     419   1   27900000 0.5 
     420   1   27966667 0.5 
     421   1   28033333 0.5 
     422   1   28100000 0.5 
     423   1   28166667 0.5 
     424   1   28233333 0.5 
     425   1   28300000 0.5 
     426   1   28366667 0.5 
     427   1   28433333 0.5 
     428   1   28500000 0.5 
     429   1   28566667 0.5 
     430   1   28633333 0.5 
     431   1   28700000 0.5 
     432   1   28766667 0.5 
     433   1   28833333 0.5 
     434   1   28900000 0.5 
     435   1   28966667 0.5 
     436   1   29033333 0.5 
     437   1   29100000 0.5 
     438   1   29166667 0.5 
     439   1   29233333 0.5 
     440   1   29300000 0.5 
     441   1   29366667 0.5 
     442   1   29433333 0.5 
     443   1   29500000 0.5 
     444   1   29566667 0.5 
     445   1   29633333 0.5 
     446   1   29700000 0.5 
     447   1   29766667 0.5 
     448   1   29833333 0.5 
     449   1   29900000 0.5 
     450   1   29966667 0.5 
     451   1   30033333 0.5 
     452   1   30100000 0.5 
     453   1   30166667 0.5 
     454   1   30233333 0.5 
     455   1   30300000 0.5 
     456   1   30366667 0.5 
     457   1   30433333 0.5 
     458   1   30500000 0.5 
     459   1   30566667 0.5 
     460   1   30633333 0.5 
     461   1   30700000 0.5 
     462   1   30766667 0.5 
     463   1   30833333 0.5 
     464   1   30900000 0.5 
     465   1   30966667 0.5 
     466   1   31033333 0.5 
     467   1   31100000 0.5 
     468   1   31166667 0.5 
     469   1   31233333 0.5 
     470   1   31300000 0.5 
     471   1   31366667 0.5 
     472   1   31433333 0.5 
     473   1   31500000 0.5 
     474   1   31566667 0.5 
     475   1   31633333 0.5 
     476   1   31700000 0.5 
     477   1   31766667 0.5 
     478   1   31833333 0.5 
     479   1   31900000 0.5 
     480   1   31966667 0.5 
     481   1   32033333 0.5 
     482   1   32100000 0.5 
     483   1   32166667 0.5 
     484   1   32233333 0.5 
     485   1   32300000 0.5 
     486   1   32366667 0.5 
     487   1   32433333 0.5 
     488   1   32500000 0.5 
     489   1   32566667 0.5 
     490   1   32633333 0.5 
     491   1   32700000 0.5 
     492   1   32766667 0.5 
     493   1   32833333 0.5 
     494   1   32900000 0.5 
     495   1   32966667 0.5 
     496   1   33033333 0.5 
     497   1   33100000 0.5 
     498   1   33166667 0.5 
     499   1   33233333 0.5 
     500   1   33300000 0.5 
     501   1   33366667 0.5 
     502   1   33433333 0.5 
     503   1   33500000 0.5 
     504   1   33566667 0.5 
     505   1   33633333 0.5 
     506   1   33700000 0.5 
     507   1   33766667 0.5 
     508   1   33833333 0.5 
     509   1   33900000 0.5 
     510   1   33966667 0.5 
     511   1   34033333 0.5 
     512   1   34100000 0.5 
     513   1   34166667 0.5 
     514   1   34233333 0.5 
     515   1   34300000 0.5 
     516   1   34366667 0.5 
     517   1   34433333 0.5 
     518   1   34500000 0.5 
     519   1   34566667 0.5 
     520   1   34633333 0.5 
     521   1   34700000 0.5 
     522   1   34766667 0.5 
     523   1   34833333 0.5 
     524   1   34900000 0.5 
     525   1   34966667 0.5 
     526   1   35033333 0.5 
     527   1   35100000 0.5 
     528   1   35166667 0.5 
     529   1   35233333 0.5 
     530   1   35300000 0.5 
     531   1   35366667 0.5 
     532   1   35433333 0.5 
     533   1   35500000 0.5 
     534   1   35566667 0.5 
     535   1   35633333 0.5 
     536   1   35700000 0.5 
     537   1   35766667 0.5 
     538   1   35833333 0.5 
     539   1   35900000 0.5 
     540   1   35966667 0.5 
     541   1   36033333 0.5 
     542   1   36100000 0.5 
     543   1   36166667 0.5 
     544   1   36233333 0.5 
     545   1   36300000 0.5 
     546   1   36366667 0.5 
     547   1   36433333 0.5 
     548   1   36500000 0.5 
     549   1   36566667 0.5 
     550   1   36633333 0.5 
     551   1   36700000 0.5 
     552   1   36766667 0.5 
     553   1   36833333 0.5 
     554   1   36900000 0.5 
     555   1   36966667 0.5 
     556   1   37033333 0.5 
     557   1   37100000 0.5 
     558   1   37166667 0.5 
     559   1   37233333 0.5 
     560   1   37300000 0.5 
     561   1   37366667 0.5 
     562   1   37433333 0.5 
     563   1   37500000 0.5 
     564   1   37566667 0.5 
     565   1   37633333 0.5 
     566   1   37700000 0.5 
     567   1   37766667 0.5 
     568   1   37833333 0.5 
     569   1   37900000 0.5 
     570   1   37966667 0.5 
     571   1   38033333 0.5 
     572   1   38100000 0.5 
     573   1   38166667 0.5 
     574   1   38233333 0.5 
     575   1   38300000 0.5 
     576   1   38366667 0.5 
     577   1   38433333 0.5 
     578   1   38500000 0.5 
     579   1   38566667 0.5 
     580   1   38633333 0.5 
     581   1   38700000 0.5 
     582   1   38766667 0.5 
     583   1   38833333 0.5 
     584   1   38900000 0.5 
     585   1   38966667 0.5 
     586   1   39033333 0.5 
     587   1   39100000 0.5 
     588   1   39166667 0.5 
     589   1   39233333 0.5 
     590   1   39300000 0.5 
     591   1   39366667 0.5 
     592   1   39433333 0.5 
     593   1   39500000 0.5 
     594   1   39566667 0.5 
     595   1   39633333 0.5 
     596   1   39700000 0.5 
     597   1   39766667 0.5 
     598   1   39833333 0.5 
     599   1   39900000 0.5 
     600   1   39966667 0.5 
     601   1   40033333 0.5 
     602   1   40100000 0.5 
     603   1   40166667 0.5 
     604   1   40233333 0.5 
     605   1   40300000 0.5 
     606   1   40366667 0.5 
     607   1   40433333 0.5 
     608   1   40500000 0.5 
     609   1   40566667 0.5 
     610   1   40633333 0.5 
     611   1   40700000 0.5 
     612   1   40766667 0.5 
     613   1   40833333 0.5 
     614   1   40900000 0.5 
     615   1   40966667 0.5 
     616   1   41033333 0.5 
     617   1   41100000 0.5 
     618   1   41166667 0.5 
     619   1   41233333 0.5 
     620   1   41300000 0.5 
     621   1   41366667 0.5 
     622   1   41433333 0.5 
     623   1   41500000 0.5 
     624   1   41566667 0.5 
     625   1   41633333 0.5 
     626   1   41700000 0.5 
     627   1   41766667 0.5 
     628   1   41833333 0.5 
     629   1   41900000 0.5 
     630   1   41966667 0.5 
     631   1   42033333 0.5 
     632   1   42100000 0.5 
     633   1   42166667 0.5 
     634   1   42233333 0.5 
     635   1   42300000 0.5 
     636   1   42366667 0.5 
     637   1   42433333 0.5 
     638   1   42500000 0.5 
     639   1   42566667 0.5 
     640   1   42633333 0.5 
     641   1   42700000 0.5 
     642   1   42766667 0.5 
     643   1   42833333 0.5 
     644   1   42900000 0.5 
     645   1   42966667 0.5 
     646   1   43033333 0.5 
     647   1   43100000 0.5 
     648   1   43166667 0.5 
     649   1   43233333 0.5 
     650   1   43300000 0.5 
     651   1   43366667 0.5 
     652   1   43433333 0.5 
     653   1   43500000 0.5 
     654   1   43566667 0.5 
     655   1   43633333 0.5 
     656   1   43700000 0.5 
     657   1   43766667 0.5 
     658   1   43833333 0.5 
     659   1   43900000 0.5 
     660   1   43966667 0.5 
     661   1   44033333 0.5 
     662   1   44100000 0.5 
     663   1   44166667 0.5 
     664   1   44233333 0.5 
     665   1   44300000 0.5 
     666   1   44366667 0.5 
     667   1   44433333 0.5 
     668   1   44500000 0.5 
     669   1   44566667 0.5 
     670   1   44633333 0.5 
     671   1   44700000 0.5 
     672   1   44766667 0.5 
     673   1   44833333 0.5 
     674   1   44900000 0.5 
     675   1   44966667 0.5 
     676   1   45033333 0.5 
     677   1   45100000 0.5 
     678   1   45166667 0.5 
     679   1   45233333 0.5 
     680   1   45300000 0.5 
     681   1   45366667 0.5 
     682   1   45433333 0.5 
     683   1   45500000 0.5 
     684   1   45566667 0.5 
     685   1   45633333 0.5 
     686   1   45700000 0.5 
     687   1   45766667 0.5 
     688   1   45833333 0.5 
     689   1   45900000 0.5 
     690   1   45966667 0.5 
     691   1   46033333 0.5 
     692   1   46100000 0.5 
     693   1   46166667 0.5 
     694   1   46233333 0.5 
     695   1   46300000 0.5 
     696   1   46366667 0.5 
     697   1   46433333 0.5 
     698   1   46500000 0.5 
     699   1   46566667 0.5 
     700   1   46633333 0.5 
     701   1   46700000 0.5 
     702   1   46766667 0.5 
     703   1   46833333 0.5 
     704   1   46900000 0.5 
     705   1   46966667 0.5 
     706   1   47033333 0.5 
     707   1   47100000 0.5 
     708   1   47166667 0.5 
     709   1   47233333 0.5 
     710   1   47300000 0.5 
     711   1   47366667 0.5 
     712   1   47433333 0.5 
     713   1   47500000 0.5 
     714   1   47566667 0.5 
     715   1   47633333 0.5 
     716   1   47700000 0.5 
     717   1   47766667 0.5 
     718   1   47833333 0.5 
     719   1   47900000 0.5 
     720   1   47966667 0.5 
     721   1   48033333 0.5 
     722   1   48100000 0.5 
     723   1   48166667 0.5 
     724   1   48233333 0.5 
     725   1   48300000 0.5 
     726   1   48366667 0.5 
     727   1   48433333 0.5 
     728   1   48500000 0.5 
     729   1   48566667 0.5 
     730   1   48633333 0.5 
     731   1   48700000 0.5 
     732   1   48766667 0.5 
     733   1   48833333 0.5 
     734   1   48900000 0.5 
     735   1   48966667 0.5 
     736   1   49033333 0.5 
     737   1   49100000 0.5 
     738   1   49166667 0.5 
     739   1   49233333 0.5 
     740   1   49300000 0.5 
     741   1   49366667 0.5 
     742   1   49433333 0.5 
     743   1   49500000 0.5 
     744   1   49566667 0.5 
     745   1   49633333 0.5 
     746   1   49700000 0.5 
     747   1   49766667 0.5 
     748   1   49833333 0.5 
     749   1   49900000 0.5 
     750   1   49966667 0.5 
     751   1   50033333 0.5 
     752   1   50100000 0.5 
     753   1   50166667 0.5 
     754   1   50233333 0.5 
     755   1   50300000 0.5 
     756   1   50366667 0.5 
     757   1   50433333 0.5 
     758   1   50500000 0.5 
     759   1   50566667 0.5 
     760   1   50633333 0.5 
     761   1   50700000 0.5 
     762   1   50766667 0.5 
     763   1   50833333 0.5 
     764   1   50900000 0.5 
     765   1   50966667 0.5 
     766   1   51033333 0.5 
     767   1   51100000 0.5 
     768   1   51166667 0.5 
     769   1   51233333 0.5 
     770   1   51300000 0.5 
     771   1   51366667 0.5 
     772   1   51433333 0.5 
     773   1   51500000 0.5 
     774   1   51566667 0.5 
     775   1   51633333 0.5 
     776   1   51700000 0.5 
     777   1   51766667 0.5 
     778   1   51833333 0.5 
     779   1   51900000 0.5 
     780   1   51966667 0.5 
     781   1   52033333 0.5 
     782   1   52100000 0.5 
     783   1   52166667 0.5 
     784   1   52233333 0.5 
     785   1   52300000 0.5 
     786   1   52366667 0.5 
     787   1   52433333 0.5 
     788   1   52500000 0.5 
     789   1   52566667 0.5 
     790   1   52633333 0.5 
     791   1   52700000 0.5 
     792   1   52766667 0.5 
     793   1   52833333 0.5 
     794   1   52900000 0.5 
     795   1   52966667 0.5 
     796   1   53033333 0.5 
     797   1   53100000 0.5 
     798   1   53166667 0.5 
     799   1   53233333 0.5 
     800   1   53300000 0.5 
     801   1   53366667 0.5 
     802   1   53433333 0.5 
     803   1   53500000 0.5 
     804   1   53566667 0.5 
     805   1   53633333 0.5 
     806   1   53700000 0.5 
     807   1   53766667 0.5 
     808   1   53833333 0.5 
     809   1   53900000 0.5 
     810   1   53966667 0.5 
     811   1   54033333 0.5 
     812   1   54100000 0.5 
     813   1   54166667 0.5 
     814   1   54233333 0.5 
     815   1   54300000 0.5 
     816   1   54366667 0.5 
     817   1   54433333 0.5 
     818   1   54500000 0.5 
     819   1   54566667 0.5 
     820   1   54633333 0.5 
     821   1   54700000 0.5 
     822   1   54766667 0.5 
     823   1   54833333 0.5 
     824   1   54900000 0.5 
     825   1   54966667 0.5 
     826   1   55033333 0.5 
     827   1   55100000 0.5 
     828   1   55166667 0.5 
     829   1   55233333 0.5 
     830   1   55300000 0.5 
     831   1   55366667 0.5 
     832   1   55433333 0.5 
     833   1   55500000 0.5 
     834   1   55566667 0.5 
     835   1   55633333 0.5 
     836   1   55700000 0.5 
     837   1   55766667 0.5 
     838   1   55833333 0.5 
     839   1   55900000 0.5 
     840   1   55966667 0.5 
     841   1   56033333 0.5 
     842   1   56100000 0.5 
     843   1   56166667 0.5 
     844   1   56233333 0.5 
     845   1   56300000 0.5 
     846   1   56366667 0.5 
     847   1   56433333 0.5 
     848   1   56500000 0.5 
     849   1   56566667 0.5 
     850   1   56633333 0.5 
     851   1   56700000 0.5 
     852   1   56766667 0.5 
     853   1   56833333 0.5 
     854   1   56900000 0.5 
     855   1   56966667 0.5 
     856   1   57033333 0.5 
     857   1   57100000 0.5 
     858   1   57166667 0.5 
     859   1   57233333 0.5 
     860   1   57300000 0.5 
     861   1   57366667 0.5 
     862   1   57433333 0.5 
     863   1   57500000 0.5 
     864   1   57566667 0.5 
     865   1   57633333 0.5 
     866   1   57700000 0.5 
     867   1   57766667 0.5 
     868   1   57833333 0.5 
     869   1   57900000 0.5 
     870   1   57966667 0.5 
     871   1   58033333 0.5 
     872   1   58100000 0.5 
     873   1   58166667 0.5 
     874   1   58233333 0.5 
     875   1   58300000 0.5 
     876   1   58366667 0.5 
     877   1   58433333 0.5 
     878   1   58500000 0.5 
     879   1   58566667 0.5 
     880   1   58633333 0.5 
     881   1   58700000 0.5 
     882   1   58766667 0.5 
     883   1   58833333 0.5 
     884   1   58900000 0.5 
     885   1   58966667 0.5 
     886   1   59033333 0.5 
     887   1   59100000 0.5 
     888   1   59166667 0.5 
     889   1   59233333 0.5 
     890   1   59300000 0.5 
     891   1   59366667 0.5 
     892   1   59433333 0.5 
     893   1   59500000 0.5 
     894   1   59566667 0.5 
     895   1   59633333 0.5 
     896   1   59700000 0.5 
     897   1   59766667 0.5 
     898   1   59833333 0.5 
     899   1   59900000 0.5 
     900   1   59966667 0.5 
     901   1   60033333 0.5 
     902   1   60100000 0.5 
     903   1   60166667 0.5 
     904   1   60233333 0.5 
     905   1   60300000 0.5 
     906   1   60366667 0.5 
     907   1   60433333 0.5 
     908   1   60500000 0.5 
     909   1   60566667 0.5 
     910   1   60633333 0.5 
     911   1   60700000 0.5 
     912   1   60766667 0.5 
     913   1   60833333 0.5 
     914   1   60900000 0.5 
     915   1   60966667 0.5 
     916   1   61033333 0.5 
     917   1   61100000 0.5 
     918   1   61166667 0.5 
     919   1   61233333 0.5 
     920   1   61300000 0.5 
     921   1   61366667 0.5 
     922   1   61433333 0.5 
     923   1   61500000 0.5 
     924   1   61566667 0.5 
     925   1   61633333 0.5 
     926   1   61700000 0.5 
     927   1   61766667 0.5 
     928   1   61833333 0.5 
     929   1   61900000 0.5 
     930   1   61966667 0.5 
     931   1   62033333 0.5 
     932   1   62100000 0.5 
     933   1   62166667 0.5 
     934   1   62233333 0.5 
     935   1   62300000 0.5 
     936   1   62366667 0.5 
     937   1   62433333 0.5 
     938   1   62500000 0.5 
     939   1   62566667 0.5 
     940   1   62633333 0.5 
     941   1   62700000 0.5 
     942   1   62766667 0.5 
     943   1   62833333 0.5 
     944   1   62900000 0.5 
     945   1   62966667 0.5 
     946   1   63033333 0.5 
     947   1   63100000 0.5 
     948   1   63166667 0.5 
     949   1   63233333 0.5 
     950   1   63300000 0.5 
     951   1   63366667 0.5 
     952   1   63433333 0.5 
     953   1   63500000 0.5 
     954   1   63566667 0.5 
     955   1   63633333 0.5 
     956   1   63700000 0.5 
     957   1   63766667 0.5 
     958   1   63833333 0.5 
     959   1   63900000 0.5 
     960   1   63966667 0.5 
     961   1   64033333 0.5 
     962   1   64100000 0.5 
     963   1   64166667 0.5 
     964   1   64233333 0.5 
     965   1   64300000 0.5 
     966   1   64366667 0.5 
     967   1   64433333 0.5 
     968   1   64500000 0.5 
     969   1   64566667 0.5 
     970   1   64633333 0.5 
     971   1   64700000 0.5 
     972   1   64766667 0.5 
     973   1   64833333 0.5 
     974   1   64900000 0.5 
     975   1   64966667 0.5 
     976   1   65033333 0.5 
     977   1   65100000 0.5 
     978   1   65166667 0.5 
     979   1   65233333 0.5 
     980   1   65300000 0.5 
     981   1   65366667 0.5 
     982   1   65433333 0.5 
     983   1   65500000 0.5 
     984   1   65566667 0.5 
     985   1   65633333 0.5 
     986   1   65700000 0.5 
     987   1   65766667 0.5 
     988   1   65833333 0.5 
     989   1   65900000 0.5 
     990   1   65966667 0.5 
     991   1   66033333 0.5 
     992   1   66100000 0.5 
     993   1   66166667 0.5 
     994   1   66233333 0.5 
     995   1   66300000 0.5 
     996   1   66366667 0.5 
     997   1   66433333 0.5 
     998   1   66500000 0.5 
     999   1   66566667 0.5 
    1000   1   66633333 0.5 
    1001   1   66700000 0.5 
    1002   1   66766667 0.5 
    1003   1   66833333 0.5 
    1004   1   66900000 0.5 
    1005   1   66966667 0.5 
    1006   1   67033333 0.5 
    1007   1   67100000 0.5 
    1008   1   67166667 0.5 
    1009   1   67233333 0.5 
    1010   1   67300000 0.5 
    1011   1   67366667 0.5 
    1012   1   67433333 0.5 
    1013   1   67500000 0.5 
    1014   1   67566667 0.5 
    1015   1   67633333 0.5 
    1016   1   67700000 0.5 
    1017   1   67766667 0.5 
    1018   1   67833333 0.5 
    1019   1   67900000 0.5 
    1020   1   67966667 0.5 
    1021   1   68033333 0.5 
    1022   1   68100000 0.5 
    1023   1   68166667 0.5 
    1024   1   68233333 0.5 
    1025   1   68300000 0.5 
    1026   1   68366667 0.5 
    1027   1   68433333 0.5 
    1028   1   68500000 0.5 
    1029   1   68566667 0.5 
    1030   1   68633333 0.5 
    1031   1   68700000 0.5 
    1032   1   68766667 0.5 
    1033   1   68833333 0.5 
    1034   1   68900000 0.5 
    1035   1   68966667 0.5 
    1036   1   69033333 0.5 
    1037   1   69100000 0.5 
    1038   1   69166667 0.5 
    1039   1   69233333 0.5 
    1040   1   69300000 0.5 
    1041   1   69366667 0.5 
    1042   1   69433333 0.5 
    1043   1   69500000 0.5 
    1044   1   69566667 0.5 
    1045   1   69633333 0.5 
    1046   1   69700000 0.5 
    1047   1   69766667 0.5 
    1048   1   69833333 0.5 
    1049   1   69900000 0.5 
    1050   1   69966667 0.5 
    1051   1   70033333 0.5 
    1052   1   70100000 0.5 
    1053   1   70166667 0.5 
    1054   1   70233333 0.5 
    1055   1   70300000 0.5 
    1056   1   70366667 0.5 
    1057   1   70433333 0.5 
    1058   1   70500000 0.5 
    1059   1   70566667 0.5 
    1060   1   70633333 0.5 
    1061   1   70700000 0.5 
    1062   1   70766667 0.5 
    1063   1   70833333 0.5 
    1064   1   70900000 0.5 
    1065   1   70966667 0.5 
    1066   1   71033333 0.5 
    1067   1   71100000 0.5 
    1068   1   71166667 0.5 
    1069   1   71233333 0.5 
    1070   1   71300000 0.5 
    1071   1   71366667 0.5 
    1072   1   71433333 0.5 
    1073   1   71500000 0.5 
    1074   1   71566667 0.5 
    1075   1   71633333 0.5 
    1076   1   71700000 0.5 
    1077   1   71766667 0.5 
    1078   1   71833333 0.5 
    1079   1   71900000 0.5 
    1080   1   71966667 0.5 
    1081   1   72033333 0.5 
    1082   1   72100000 0.5 
    1083   1   72166667 0.5 
    1084   1   72233333 0.5 
    1085   1   72300000 0.5 
    1086   1   72366667 0.5 
    1087   1   72433333 0.5 
    1088   1   72500000 0.5 
    1089   1   72566667 0.5 
    1090   1   72633333 0.5 
    1091   1   72700000 0.5 
    1092   1   72766667 0.5 
    1093   1   72833333 0.5 
    1094   1   72900000 0.5 
    1095   1   72966667 0.5 
    1096   1   73033333 0.5 
    1097   1   73100000 0.5 
    1098   1   73166667 0.5 
    1099   1   73233333 0.5 
    1100   1   73300000 0.5 
    1101   1   73366667 0.5 
    1102   1   73433333 0.5 
    1103   1   73500000 0.5 
    1104   1   73566667 0.5 
    1105   1   73633333 0.5 
    1106   1   73700000 0.5 
    1107   1   73766667 0.5 
    1108   1   73833333 0.5 
    1109   1   73900000 0.5 
    1110   1   73966667 0.5 
    1111   1   74033333 0.5 
    1112   1   74100000 0.5 
    1113   1   74166667 0.5 
    1114   1   74233333 0.5 
    1115   1   74300000 0.5 
    1116   1   74366667 0.5 
    1117   1   74433333 0.5 
    1118   1   74500000 0.5 
    1119   1   74566667 0.5 
    1120   1   74633333 0.5 
    1121   1   74700000 0.5 
    1122   1   74766667 0.5 
    1123   1   74833333 0.5 
    1124   1   74900000 0.5 
    1125   1   74966667 0.5 
    1126   1   75033333 0.5 
    1127   1   75100000 0.5 
    1128   1   75166667 0.5 
    1129   1   75233333 0.5 
    1130   1   75300000 0.5 
    1131   1   75366667 0.5 
    1132   1   75433333 0.5 
    1133   1   75500000 0.5 
    1134   1   75566667 0.5 
    1135   1   75633333 0.5 
    1136   1   75700000 0.5 
    1137   1   75766667 0.5 
    1138   1   75833333 0.5 
    1139   1   75900000 0.5 
    1140   1   75966667 0.5 
    1141   1   76033333 0.5 
    1142   1   76100000 0.5 
    1143   1   76166667 0.5 
    1144   1   76233333 0.5 
    1145   1   76300000 0.5 
    1146   1   76366667 0.5 
    1147   1   76433333 0.5 
    1148   1   76500000 0.5 
    1149   1   76566667 0.5 
    1150   1   76633333 0.5 
    1151   1   76700000 0.5 
    1152   1   76766667 0.5 
    1153   1   76833333 0.5 
    1154   1   76900000 0.5 
    1155   1   76966667 0.5 
    1156   1   77033333 0.5 
    1157   1   77100000 0.5 
    1158   1   77166667 0.5 
    1159   1   77233333 0.5 
    1160   1   77300000 0.5 
    1161   1   77366667 0.5 
    1162   1   77433333 0.5 
    1163   1   77500000 0.5 
    1164   1   77566667 0.5 
    1165   1   77633333 0.5 
    1166   1   77700000 0.5 
    1167   1   77766667 0.5 
    1168   1   77833333 0.5 
    1169   1   77900000 0.5 
    1170   1   77966667 0.5 
    1171   1   78033333 0.5 
    1172   1   78100000 0.5 
    1173   1   78166667 0.5 
    1174   1   78233333 0.5 
    1175   1   78300000 0.5 
    1176   1   78366667 0.5 
    1177   1   78433333 0.5 
    1178   1   78500000 0.5 
    1179   1   78566667 0.5 
    1180   1   78633333 0.5 
    1181   1   78700000 0.5 
    1182   1   78766667 0.5 
    1183   1   78833333 0.5 
    1184   1   78900000 0.5 
    1185   1   78966667 0.5 
    1186   1   79033333 0.5 
    1187   1   79100000 0.5 
    1188   1   79166667 0.5 
    1189   1   79233333 0.5 
    1190   1   79300000 0.5 
    1191   1   79366667 0.5 
    1192   1   79433333 0.5 
    1193   1   79500000 0.5 
    1194   1   79566667 0.5 
    1195   1   79633333 0.5 
    1196   1   79700000 0.5 
    1197   1   79766667 0.5 
    1198   1   79833333 0.5 
    1199   1   79900000 0.5 
    1200   1   79966667 0.5 
    1201   1   80033333 0.5 
    1202   1   80100000 0.5 
    1203   1   80166667 0.5 
    1204   1   80233333 0.5 
    1205   1   80300000 0.5 
    1206   1   80366667 0.5 
    1207   1   80433333 0.5 
    1208   1   80500000 0.5 
    1209   1   80566667 0.5 
    1210   1   80633333 0.5 
    1211   1   80700000 0.5 
    1212   1   80766667 0.5 
    1213   1   80833333 0.5 
    1214   1   80900000 0.5 
    1215   1   80966667 0.5 
    1216   1   81033333 0.5 
    1217   1   81100000 0.5 
    1218   1   81166667 0.5 
    1219   1   81233333 0.5 
    1220   1   81300000 0.5 
    1221   1   81366667 0.5 
    1222   1   81433333 0.5 
    1223   1   81500000 0.5 
    1224   1   81566667 0.5 
    1225   1   81633333 0.5 
    1226   1   81700000 0.5 
    1227   1   81766667 0.5 
    1228   1   81833333 0.5 
    1229   1   81900000 0.5 
    1230   1   81966667 0.5 
    1231   1   82033333 0.5 
    1232   1   82100000 0.5 
    1233   1   82166667 0.5 
    1234   1   82233333 0.5 
    1235   1   82300000 0.5 
    1236   1   82366667 0.5 
    1237   1   82433333 0.5 
    1238   1   82500000 0.5 
    1239   1   82566667 0.5 
    1240   1   82633333 0.5 
    1241   1   82700000 0.5 
    1242   1   82766667 0.5 
    1243   1   82833333 0.5 
    1244   1   82900000 0.5 
    1245   1   82966667 0.5 
    1246   1   83033333 0.5 
    1247   1   83100000 0.5 
    1248   1   83166667 0.5 
    1249   1   83233333 0.5 
    1250   1   83300000 0.5 
    1251   1   83366667 0.5 
    1252   1   83433333 0.5 
    1253   1   83500000 0.5 
    1254   1   83566667 0.5 
    1255   1   83633333 0.5 
    1256   1   83700000 0.5 
    1257   1   83766667 0.5 
    1258   1   83833333 0.5 
    1259   1   83900000 0.5 
    1260   1   83966667 0.5 
    1261   1   84033333 0.5 
    1262   1   84100000 0.5 
    1263   1   84166667 0.5 
    1264   1   84233333 0.5 
    1265   1   84300000 0.5 
    1266   1   84366667 0.5 
    1267   1   84433333 0.5 
    1268   1   84500000 0.5 
    1269   1   84566667 0.5 
    1270   1   84633333 0.5 
    1271   1   84700000 0.5 
    1272   1   84766667 0.5 
    1273   1   84833333 0.5 
    1274   1   84900000 0.5 
    1275   1   84966667 0.5 
    1276   1   85033333 0.5 
    1277   1   85100000 0.5 
    1278   1   85166667 0.5 
    1279   1   85233333 0.5 
    1280   1   85300000 0.5 
    1281   1   85366667 0.5 
    1282   1   85433333 0.5 
    1283   1   85500000 0.5 
    1284   1   85566667 0.5 
    1285   1   85633333 0.5 
    1286   1   85700000 0.5 
    1287   1   85766667 0.5 
    1288   1   85833333 0.5 
    1289   1   85900000 0.5 
    1290   1   85966667 0.5 
    1291   1   86033333 0.5 
    1292   1   86100000 0.5 
    1293   1   86166667 0.5 
    1294   1   86233333 0.5 
    1295   1   86300000 0.5 
    1296   1   86366667 0.5 
    1297   1   86433333 0.5 
    1298   1   86500000 0.5 
    1299   1   86566667 0.5 
    1300   1   86633333 0.5 
    1301   1   86700000 0.5 
    1302   1   86766667 0.5 
    1303   1   86833333 0.5 
    1304   1   86900000 0.5 
    1305   1   86966667 0.5 
    1306   1   87033333 0.5 
    1307   1   87100000 0.5 
    1308   1   87166667 0.5 
    1309   1   87233333 0.5 
    1310   1   87300000 0.5 
    1311   1   87366667 0.5 
    1312   1   87433333 0.5 
    1313   1   87500000 0.5 
    1314   1   87566667 0.5 
    1315   1   87633333 0.5 
    1316   1   87700000 0.5 
    1317   1   87766667 0.5 
    1318   1   87833333 0.5 
    1319   1   87900000 0.5 
    1320   1   87966667 0.5 
    1321   1   88033333 0.5 
    1322   1   88100000 0.5 
    1323   1   88166667 0.5 
    1324   1   88233333 0.5 
    1325   1   88300000 0.5 
    1326   1   88366667 0.5 
    1327   1   88433333 0.5 
    1328   1   88500000 0.5 
    1329   1   88566667 0.5 
    1330   1   88633333 0.5 
    1331   1   88700000 0.5 
    1332   1   88766667 0.5 
    1333   1   88833333 0.5 
    1334   1   88900000 0.5 
    1335   1   88966667 0.5 
    1336   1   89033333 0.5 
    1337   1   89100000 0.5 
    1338   1   89166667 0.5 
    1339   1   89233333 0.5 
    1340   1   89300000 0.5 
    1341   1   89366667 0.5 
    1342   1   89433333 0.5 
    1343   1   89500000 0.5 
    1344   1   89566667 0.5 
    1345   1   89633333 0.5 
    1346   1   89700000 0.5 
    1347   1   89766667 0.5 
    1348   1   89833333 0.5 
    1349   1   89900000 0.5 
    1350   1   89966667 0.5 
    1351   1   90033333 0.5 
    1352   1   90100000 0.5 
    1353   1   90166667 0.5 
    1354   1   90233333 0.5 
    1355   1   90300000 0.5 
    1356   1   90366667 0.5 
    1357   1   90433333 0.5 
    1358   1   90500000 0.5 
    1359   1   90566667 0.5 
    1360   1   90633333 0.5 
    1361   1   90700000 0.5 
    1362   1   90766667 0.5 
    1363   1   90833333 0.5 
    1364   1   90900000 0.5 
    1365   1   90966667 0.5 
    1366   1   91033333 0.5 
    1367   1   91100000 0.5 
    1368   1   91166667 0.5 
    1369   1   91233333 0.5 
    1370   1   91300000 0.5 
    1371   1   91366667 0.5 
    1372   1   91433333 0.5 
    1373   1   91500000 0.5 
    1374   1   91566667 0.5 
    1375   1   91633333 0.5 
    1376   1   91700000 0.5 
    1377   1   91766667 0.5 
    1378   1   91833333 0.5 
    1379   1   91900000 0.5 
    1380   1   91966667 0.5 
    1381   1   92033333 0.5 
    1382   1   92100000 0.5 
    1383   1   92166667 0.5 
    1384   1   92233333 0.5 
    1385   1   92300000 0.5 
    1386   1   92366667 0.5 
    1387   1   92433333 0.5 
    1388   1   92500000 0.5 
    1389   1   92566667 0.5 
    1390   1   92633333 0.5 
    1391   1   92700000 0.5 
    1392   1   92766667 0.5 
    1393   1   92833333 0.5 
    1394   1   92900000 0.5 
    1395   1   92966667 0.5 
    1396   1   93033333 0.5 
    1397   1   93100000 0.5 
    1398   1   93166667 0.5 
    1399   1   93233333 0.5 
    1400   1   93300000 0.5 
    1401   1   93366667 0.5 
    1402   1   93433333 0.5 
    1403   1   93500000 0.5 
    1404   1   93566667 0.5 
    1405   1   93633333 0.5 
    1406   1   93700000 0.5 
    1407   1   93766667 0.5 
    1408   1   93833333 0.5 
    1409   1   93900000 0.5 
    1410   1   93966667 0.5 
    1411   1   94033333 0.5 
    1412   1   94100000 0.5 
    1413   1   94166667 0.5 
    1414   1   94233333 0.5 
    1415   1   94300000 0.5 
    1416   1   94366667 0.5 
    1417   1   94433333 0.5 
    1418   1   94500000 0.5 
    1419   1   94566667 0.5 
    1420   1   94633333 0.5 
    1421   1   94700000 0.5 
    1422   1   94766667 0.5 
    1423   1   94833333 0.5 
    1424   1   94900000 0.5 
    1425   1   94966667 0.5 
    1426   1   95033333 0.5 
    1427   1   95100000 0.5 
    1428   1   95166667 0.5 
    1429   1   95233333 0.5 
    1430   1   95300000 0.5 
    1431   1   95366667 0.5 
    1432   1   95433333 0.5 
    1433   1   95500000 0.5 
    1434   1   95566667 0.5 
    1435   1   95633333 0.5 
    1436   1   95700000 0.5 
    1437   1   95766667 0.5 
    1438   1   95833333 0.5 
    1439   1   95900000 0.5 
    1440   1   95966667 0.5 
    1441   1   96033333 0.5 
    1442   1   96100000 0.5 
    1443   1   96166667 0.5 
    1444   1   96233333 0.5 
    1445   1   96300000 0.5 
    1446   1   96366667 0.5 
    1447   1   96433333 0.5 
    1448   1   96500000 0.5 
    1449   1   96566667 0.5 
    1450   1   96633333 0.5 
    1451   1   96700000 0.5 
    1452   1   96766667 0.5 
    1453   1   96833333 0.5 
    1454   1   96900000 0.5 
    1455   1   96966667 0.5 
    1456   1   97033333 0.5 
    1457   1   97100000 0.5 
    1458   1   97166667 0.5 
    1459   1   97233333 0.5 
    1460   1   97300000 0.5 
    1461   1   97366667 0.5 
    1462   1   97433333 0.5 
    1463   1   97500000 0.5 
    1464   1   97566667 0.5 
    1465   1   97633333 0.5 
    1466   1   97700000 0.5 
    1467   1   97766667 0.5 
    1468   1   97833333 0.5 
    1469   1   97900000 0.5 
    1470   1   97966667 0.5 
    1471   1   98033333 0.5 
    1472   1   98100000 0.5 
    1473   1   98166667 0.5 
    1474   1   98233333 0.5 
    1475   1   98300000 0.5 
    1476   1   98366667 0.5 
    1477   1   98433333 0.5 
    1478   1   98500000 0.5 
    1479   1   98566667 0.5 
    1480   1   98633333 0.5 
    1481   1   98700000 0.5 
    1482   1   98766667 0.5 
    1483   1   98833333 0.5 
    1484   1   98900000 0.5 
    1485   1   98966667 0.5 
    1486   1   99033333 0.5 
    1487   1   99100000 0.5 
    1488   1   99166667 0.5 
    1489   1   99233333 0.5 
    1490   1   99300000 0.5 
    1491   1   99366667 0.5 
    1492   1   99433333 0.5 
    1493   1   99500000 0.5 
    1494   1   99566667 0.5 
    1495   1   99633333 0.5 
    1496   1   99700000 0.5 
    1497   1   99766667 0.5 
    1498   1   99833333 0.5 
    1499   1   99900000 0.5 
    1500   1   99966667 0.5 
    1501   2      33333 0.5 
    1502   2     100000 0.5 
    1503   2     166667 0.5 
    1504   2     233333 0.5 
    1505   2     300000 0.5 
    1506   2     366667 0.5 
    1507   2     433333 0.5 
    1508   2     500000 0.5 
    1509   2     566667 0.5 
    1510   2     633333 0.5 
    1511   2     700000 0.5 
    1512   2     766667 0.5 
    1513   2     833333 0.5 
    1514   2     900000 0.5 
    1515   2     966667 0.5 
    1516   2    1033333 0.5 
    1517   2    1100000 0.5 
    1518   2    1166667 0.5 
    1519   2    1233333 0.5 
    1520   2    1300000 0.5 
    1521   2    1366667 0.5 
    1522   2    1433333 0.5 
    1523   2    1500000 0.5 
    1524   2    1566667 0.5 
    1525   2    1633333 0.5 
    1526   2    1700000 0.5 
    1527   2    1766667 0.5 
    1528   2    1833333 0.5 
    1529   2    1900000 0.5 
    1530   2    1966667 0.5 
    1531   2    2033333 0.5 
    1532   2    2100000 0.5 
    1533   2    2166667 0.5 
    1534   2    2233333 0.5 
    1535   2    2300000 0.5 
    1536   2    2366667 0.5 
    1537   2    2433333 0.5 
    1538   2    2500000 0.5 
    1539   2    2566667 0.5 
    1540   2    2633333 0.5 
    1541   2    2700000 0.5 
    1542   2    2766667 0.5 
    1543   2    2833333 0.5 
    1544   2    2900000 0.5 
    1545   2    2966667 0.5 
    1546   2    3033333 0.5 
    1547   2    3100000 0.5 
    1548   2    3166667 0.5 
    1549   2    3233333 0.5 
    1550   2    3300000 0.5 
    1551   2    3366667 0.5 
    1552   2    3433333 0.5 
    1553   2    3500000 0.5 
    1554   2    3566667 0.5 
    1555   2    3633333 0.5 
    1556   2    3700000 0.5 
    1557   2    3766667 0.5 
    1558   2    3833333 0.5 
    1559   2    3900000 0.5 
    1560   2    3966667 0.5 
    1561   2    4033333 0.5 
    1562   2    4100000 0.5 
    1563   2    4166667 0.5 
    1564   2    4233333 0.5 
    1565   2    4300000 0.5 
    1566   2    4366667 0.5 
    1567   2    4433333 0.5 
    1568   2    4500000 0.5 
    1569   2    4566667 0.5 
    1570   2    4633333 0.5 
    1571   2    4700000 0.5 
    1572   2    4766667 0.5 
    1573   2    4833333 0.5 
    1574   2    4900000 0.5 
    1575   2    4966667 0.5 
    1576   2    5033333 0.5 
    1577   2    5100000 0.5 
    1578   2    5166667 0.5 
    1579   2    5233333 0.5 
    1580   2    5300000 0.5 
    1581   2    5366667 0.5 
    1582   2    5433333 0.5 
    1583   2    5500000 0.5 
    1584   2    5566667 0.5 
    1585   2    5633333 0.5 
    1586   2    5700000 0.5 
    1587   2    5766667 0.5 
    1588   2    5833333 0.5 
    1589   2    5900000 0.5 
    1590   2    5966667 0.5 
    1591   2    6033333 0.5 
    1592   2    6100000 0.5 
    1593   2    6166667 0.5 
    1594   2    6233333 0.5 
    1595   2    6300000 0.5 
    1596   2    6366667 0.5 
    1597   2    6433333 0.5 
    1598   2    6500000 0.5 
    1599   2    6566667 0.5 
    1600   2    6633333 0.5 
    1601   2    6700000 0.5 
    1602   2    6766667 0.5 
    1603   2    6833333 0.5 
    1604   2    6900000 0.5 
    1605   2    6966667 0.5 
    1606   2    7033333 0.5 
    1607   2    7100000 0.5 
    1608   2    7166667 0.5 
    1609   2    7233333 0.5 
    1610   2    7300000 0.5 
    1611   2    7366667 0.5 
    1612   2    7433333 0.5 
    1613   2    7500000 0.5 
    1614   2    7566667 0.5 
    1615   2    7633333 0.5 
    1616   2    7700000 0.5 
    1617   2    7766667 0.5 
    1618   2    7833333 0.5 
    1619   2    7900000 0.5 
    1620   2    7966667 0.5 
    1621   2    8033333 0.5 
    1622   2    8100000 0.5 
    1623   2    8166667 0.5 
    1624   2    8233333 0.5 
    1625   2    8300000 0.5 
    1626   2    8366667 0.5 
    1627   2    8433333 0.5 
    1628   2    8500000 0.5 
    1629   2    8566667 0.5 
    1630   2    8633333 0.5 
    1631   2    8700000 0.5 
    1632   2    8766667 0.5 
    1633   2    8833333 0.5 
    1634   2    8900000 0.5 
    1635   2    8966667 0.5 
    1636   2    9033333 0.5 
    1637   2    9100000 0.5 
    1638   2    9166667 0.5 
    1639   2    9233333 0.5 
    1640   2    9300000 0.5 
    1641   2    9366667 0.5 
    1642   2    9433333 0.5 
    1643   2    9500000 0.5 
    1644   2    9566667 0.5 
    1645   2    9633333 0.5 
    1646   2    9700000 0.5 
    1647   2    9766667 0.5 
    1648   2    9833333 0.5 
    1649   2    9900000 0.5 
    1650   2    9966667 0.5 
    1651   2   10033333 0.5 
    1652   2   10100000 0.5 
    1653   2   10166667 0.5 
    1654   2   10233333 0.5 
    1655   2   10300000 0.5 
    1656   2   10366667 0.5 
    1657   2   10433333 0.5 
    1658   2   10500000 0.5 
    1659   2   10566667 0.5 
    1660   2   10633333 0.5 
    1661   2   10700000 0.5 
    1662   2   10766667 0.5 
    1663   2   10833333 0.5 
    1664   2   10900000 0.5 
    1665   2   10966667 0.5 
    1666   2   11033333 0.5 
    1667   2   11100000 0.5 
    1668   2   11166667 0.5 
    1669   2   11233333 0.5 
    1670   2   11300000 0.5 
    1671   2   11366667 0.5 
    1672   2   11433333 0.5 
    1673   2   11500000 0.5 
    1674   2   11566667 0.5 
    1675   2   11633333 0.5 
    1676   2   11700000 0.5 
    1677   2   11766667 0.5 
    1678   2   11833333 0.5 
    1679   2   11900000 0.5 
    1680   2   11966667 0.5 
    1681   2   12033333 0.5 
    1682   2   12100000 0.5 
    1683   2   12166667 0.5 
    1684   2   12233333 0.5 
    1685   2   12300000 0.5 
    1686   2   12366667 0.5 
    1687   2   12433333 0.5 
    1688   2   12500000 0.5 
    1689   2   12566667 0.5 
    1690   2   12633333 0.5 
    1691   2   12700000 0.5 
    1692   2   12766667 0.5 
    1693   2   12833333 0.5 
    1694   2   12900000 0.5 
    1695   2   12966667 0.5 
    1696   2   13033333 0.5 
    1697   2   13100000 0.5 
    1698   2   13166667 0.5 
    1699   2   13233333 0.5 
    1700   2   13300000 0.5 
    1701   2   13366667 0.5 
    1702   2   13433333 0.5 
    1703   2   13500000 0.5 
    1704   2   13566667 0.5 
    1705   2   13633333 0.5 
    1706   2   13700000 0.5 
    1707   2   13766667 0.5 
    1708   2   13833333 0.5 
    1709   2   13900000 0.5 
    1710   2   13966667 0.5 
    1711   2   14033333 0.5 
    1712   2   14100000 0.5 
    1713   2   14166667 0.5 
    1714   2   14233333 0.5 
    1715   2   14300000 0.5 
    1716   2   14366667 0.5 
    1717   2   14433333 0.5 
    1718   2   14500000 0.5 
    1719   2   14566667 0.5 
    1720   2   14633333 0.5 
    1721   2   14700000 0.5 
    1722   2   14766667 0.5 
    1723   2   14833333 0.5 
    1724   2   14900000 0.5 
    1725   2   14966667 0.5 
    1726   2   15033333 0.5 
    1727   2   15100000 0.5 
    1728   2   15166667 0.5 
    1729   2   15233333 0.5 
    1730   2   15300000 0.5 
    1731   2   15366667 0.5 
    1732   2   15433333 0.5 
    1733   2   15500000 0.5 
    1734   2   15566667 0.5 
    1735   2   15633333 0.5 
    1736   2   15700000 0.5 
    1737   2   15766667 0.5 
    1738   2   15833333 0.5 
    1739   2   15900000 0.5 
    1740   2   15966667 0.5 
    1741   2   16033333 0.5 
    1742   2   16100000 0.5 
    1743   2   16166667 0.5 
    1744   2   16233333 0.5 
    1745   2   16300000 0.5 
    1746   2   16366667 0.5 
    1747   2   16433333 0.5 
    1748   2   16500000 0.5 
    1749   2   16566667 0.5 
    1750   2   16633333 0.5 
    1751   2   16700000 0.5 
    1752   2   16766667 0.5 
    1753   2   16833333 0.5 
    1754   2   16900000 0.5 
    1755   2   16966667 0.5 
    1756   2   17033333 0.5 
    1757   2   17100000 0.5 
    1758   2   17166667 0.5 
    1759   2   17233333 0.5 
    1760   2   17300000 0.5 
    1761   2   17366667 0.5 
    1762   2   17433333 0.5 
    1763   2   17500000 0.5 
    1764   2   17566667 0.5 
    1765   2   17633333 0.5 
    1766   2   17700000 0.5 
    1767   2   17766667 0.5 
    1768   2   17833333 0.5 
    1769   2   17900000 0.5 
    1770   2   17966667 0.5 
    1771   2   18033333 0.5 
    1772   2   18100000 0.5 
    1773   2   18166667 0.5 
    1774   2   18233333 0.5 
    1775   2   18300000 0.5 
    1776   2   18366667 0.5 
    1777   2   18433333 0.5 
    1778   2   18500000 0.5 
    1779   2   18566667 0.5 
    1780   2   18633333 0.5 
    1781   2   18700000 0.5 
    1782   2   18766667 0.5 
    1783   2   18833333 0.5 
    1784   2   18900000 0.5 
    1785   2   18966667 0.5 
    1786   2   19033333 0.5 
    1787   2   19100000 0.5 
    1788   2   19166667 0.5 
    1789   2   19233333 0.5 
    1790   2   19300000 0.5 
    1791   2   19366667 0.5 
    1792   2   19433333 0.5 
    1793   2   19500000 0.5 
    1794   2   19566667 0.5 
    1795   2   19633333 0.5 
    1796   2   19700000 0.5 
    1797   2   19766667 0.5 
    1798   2   19833333 0.5 
    1799   2   19900000 0.5 
    1800   2   19966667 0.5 
    1801   2   20033333 0.5 
    1802   2   20100000 0.5 
    1803   2   20166667 0.5 
    1804   2   20233333 0.5 
    1805   2   20300000 0.5 
    1806   2   20366667 0.5 
    1807   2   20433333 0.5 
    1808   2   20500000 0.5 
    1809   2   20566667 0.5 
    1810   2   20633333 0.5 
    1811   2   20700000 0.5 
    1812   2   20766667 0.5 
    1813   2   20833333 0.5 
    1814   2   20900000 0.5 
    1815   2   20966667 0.5 
    1816   2   21033333 0.5 
    1817   2   21100000 0.5 
    1818   2   21166667 0.5 
    1819   2   21233333 0.5 
    1820   2   21300000 0.5 
    1821   2   21366667 0.5 
    1822   2   21433333 0.5 
    1823   2   21500000 0.5 
    1824   2   21566667 0.5 
    1825   2   21633333 0.5 
    1826   2   21700000 0.5 
    1827   2   21766667 0.5 
    1828   2   21833333 0.5 
    1829   2   21900000 0.5 
    1830   2   21966667 0.5 
    1831   2   22033333 0.5 
    1832   2   22100000 0.5 
    1833   2   22166667 0.5 
    1834   2   22233333 0.5 
    1835   2   22300000 0.5 
    1836   2   22366667 0.5 
    1837   2   22433333 0.5 
    1838   2   22500000 0.5 
    1839   2   22566667 0.5 
    1840   2   22633333 0.5 
    1841   2   22700000 0.5 
    1842   2   22766667 0.5 
    1843   2   22833333 0.5 
    1844   2   22900000 0.5 
    1845   2   22966667 0.5 
    1846   2   23033333 0.5 
    1847   2   23100000 0.5 
    1848   2   23166667 0.5 
    1849   2   23233333 0.5 
    1850   2   23300000 0.5 
    1851   2   23366667 0.5 
    1852   2   23433333 0.5 
    1853   2   23500000 0.5 
    1854   2   23566667 0.5 
    1855   2   23633333 0.5 
    1856   2   23700000 0.5 
    1857   2   23766667 0.5 
    1858   2   23833333 0.5 
    1859   2   23900000 0.5 
    1860   2   23966667 0.5 
    1861   2   24033333 0.5 
    1862   2   24100000 0.5 
    1863   2   24166667 0.5 
    1864   2   24233333 0.5 
    1865   2   24300000 0.5 
    1866   2   24366667 0.5 
    1867   2   24433333 0.5 
    1868   2   24500000 0.5 
    1869   2   24566667 0.5 
    1870   2   24633333 0.5 
    1871   2   24700000 0.5 
    1872   2   24766667 0.5 
    1873   2   24833333 0.5 
    1874   2   24900000 0.5 
    1875   2   24966667 0.5 
    1876   2   25033333 0.5 
    1877   2   25100000 0.5 
    1878   2   25166667 0.5 
    1879   2   25233333 0.5 
    1880   2   25300000 0.5 
    1881   2   25366667 0.5 
    1882   2   25433333 0.5 
    1883   2   25500000 0.5 
    1884   2   25566667 0.5 
    1885   2   25633333 0.5 
    1886   2   25700000 0.5 
    1887   2   25766667 0.5 
    1888   2   25833333 0.5 
    1889   2   25900000 0.5 
    1890   2   25966667 0.5 
    1891   2   26033333 0.5 
    1892   2   26100000 0.5 
    1893   2   26166667 0.5 
    1894   2   26233333 0.5 
    1895   2   26300000 0.5 
    1896   2   26366667 0.5 
    1897   2   26433333 0.5 
    1898   2   26500000 0.5 
    1899   2   26566667 0.5 
    1900   2   26633333 0.5 
    1901   2   26700000 0.5 
    1902   2   26766667 0.5 
    1903   2   26833333 0.5 
    1904   2   26900000 0.5 
    1905   2   26966667 0.5 
    1906   2   27033333 0.5 
    1907   2   27100000 0.5 
    1908   2   27166667 0.5 
    1909   2   27233333 0.5 
    1910   2   27300000 0.5 
    1911   2   27366667 0.5 
    1912   2   27433333 0.5 
    1913   2   27500000 0.5 
    1914   2   27566667 0.5 
    1915   2   27633333 0.5 
    1916   2   27700000 0.5 
    1917   2   27766667 0.5 
    1918   2   27833333 0.5 
    1919   2   27900000 0.5 
    1920   2   27966667 0.5 
    1921   2   28033333 0.5 
    1922   2   28100000 0.5 
    1923   2   28166667 0.5 
    1924   2   28233333 0.5 
    1925   2   28300000 0.5 
    1926   2   28366667 0.5 
    1927   2   28433333 0.5 
    1928   2   28500000 0.5 
    1929   2   28566667 0.5 
    1930   2   28633333 0.5 
    1931   2   28700000 0.5 
    1932   2   28766667 0.5 
    1933   2   28833333 0.5 
    1934   2   28900000 0.5 
    1935   2   28966667 0.5 
    1936   2   29033333 0.5 
    1937   2   29100000 0.5 
    1938   2   29166667 0.5 
    1939   2   29233333 0.5 
    1940   2   29300000 0.5 
    1941   2   29366667 0.5 
    1942   2   29433333 0.5 
    1943   2   29500000 0.5 
    1944   2   29566667 0.5 
    1945   2   29633333 0.5 
    1946   2   29700000 0.5 
    1947   2   29766667 0.5 
    1948   2   29833333 0.5 
    1949   2   29900000 0.5 
    1950   2   29966667 0.5 
    1951   2   30033333 0.5 
    1952   2   30100000 0.5 
    1953   2   30166667 0.5 
    1954   2   30233333 0.5 
    1955   2   30300000 0.5 
    1956   2   30366667 0.5 
    1957   2   30433333 0.5 
    1958   2   30500000 0.5 
    1959   2   30566667 0.5 
    1960   2   30633333 0.5 
    1961   2   30700000 0.5 
    1962   2   30766667 0.5 
    1963   2   30833333 0.5 
    1964   2   30900000 0.5 
    1965   2   30966667 0.5 
    1966   2   31033333 0.5 
    1967   2   31100000 0.5 
    1968   2   31166667 0.5 
    1969   2   31233333 0.5 
    1970   2   31300000 0.5 
    1971   2   31366667 0.5 
    1972   2   31433333 0.5 
    1973   2   31500000 0.5 
    1974   2   31566667 0.5 
    1975   2   31633333 0.5 
    1976   2   31700000 0.5 
    1977   2   31766667 0.5 
    1978   2   31833333 0.5 
    1979   2   31900000 0.5 
    1980   2   31966667 0.5 
    1981   2   32033333 0.5 
    1982   2   32100000 0.5 
    1983   2   32166667 0.5 
    1984   2   32233333 0.5 
    1985   2   32300000 0.5 
    1986   2   32366667 0.5 
    1987   2   32433333 0.5 
    1988   2   32500000 0.5 
    1989   2   32566667 0.5 
    1990   2   32633333 0.5 
    1991   2   32700000 0.5 
    1992   2   32766667 0.5 
    1993   2   32833333 0.5 
    1994   2   32900000 0.5 
    1995   2   32966667 0.5 
    1996   2   33033333 0.5 
    1997   2   33100000 0.5 
    1998   2   33166667 0.5 
    1999   2   33233333 0.5 
    2000   2   33300000 0.5 
    2001   2   33366667 0.5 
    2002   2   33433333 0.5 
    2003   2   33500000 0.5 
    2004   2   33566667 0.5 
    2005   2   33633333 0.5 
    2006   2   33700000 0.5 
    2007   2   33766667 0.5 
    2008   2   33833333 0.5 
    2009   2   33900000 0.5 
    2010   2   33966667 0.5 
    2011   2   34033333 0.5 
    2012   2   34100000 0.5 
    2013   2   34166667 0.5 
    2014   2   34233333 0.5 
    2015   2   34300000 0.5 
    2016   2   34366667 0.5 
    2017   2   34433333 0.5 
    2018   2   34500000 0.5 
    2019   2   34566667 0.5 
    2020   2   34633333 0.5 
    2021   2   34700000 0.5 
    2022   2   34766667 0.5 
    2023   2   34833333 0.5 
    2024   2   34900000 0.5 
    2025   2   34966667 0.5 
    2026   2   35033333 0.5 
    2027   2   35100000 0.5 
    2028   2   35166667 0.5 
    2029   2   35233333 0.5 
    2030   2   35300000 0.5 
    2031   2   35366667 0.5 
    2032   2   35433333 0.5 
    2033   2   35500000 0.5 
    2034   2   35566667 0.5 
    2035   2   35633333 0.5 
    2036   2   35700000 0.5 
    2037   2   35766667 0.5 
    2038   2   35833333 0.5 
    2039   2   35900000 0.5 
    2040   2   35966667 0.5 
    2041   2   36033333 0.5 
    2042   2   36100000 0.5 
    2043   2   36166667 0.5 
    2044   2   36233333 0.5 
    2045   2   36300000 0.5 
    2046   2   36366667 0.5 
    2047   2   36433333 0.5 
    2048   2   36500000 0.5 
    2049   2   36566667 0.5 
    2050   2   36633333 0.5 
    2051   2   36700000 0.5 
    2052   2   36766667 0.5 
    2053   2   36833333 0.5 
    2054   2   36900000 0.5 
    2055   2   36966667 0.5 
    2056   2   37033333 0.5 
    2057   2   37100000 0.5 
    2058   2   37166667 0.5 
    2059   2   37233333 0.5 
    2060   2   37300000 0.5 
    2061   2   37366667 0.5 
    2062   2   37433333 0.5 
    2063   2   37500000 0.5 
    2064   2   37566667 0.5 
    2065   2   37633333 0.5 
    2066   2   37700000 0.5 
    2067   2   37766667 0.5 
    2068   2   37833333 0.5 
    2069   2   37900000 0.5 
    2070   2   37966667 0.5 
    2071   2   38033333 0.5 
    2072   2   38100000 0.5 
    2073   2   38166667 0.5 
    2074   2   38233333 0.5 
    2075   2   38300000 0.5 
    2076   2   38366667 0.5 
    2077   2   38433333 0.5 
    2078   2   38500000 0.5 
    2079   2   38566667 0.5 
    2080   2   38633333 0.5 
    2081   2   38700000 0.5 
    2082   2   38766667 0.5 
    2083   2   38833333 0.5 
    2084   2   38900000 0.5 
    2085   2   38966667 0.5 
    2086   2   39033333 0.5 
    2087   2   39100000 0.5 
    2088   2   39166667 0.5 
    2089   2   39233333 0.5 
    2090   2   39300000 0.5 
    2091   2   39366667 0.5 
    2092   2   39433333 0.5 
    2093   2   39500000 0.5 
    2094   2   39566667 0.5 
    2095   2   39633333 0.5 
    2096   2   39700000 0.5 
    2097   2   39766667 0.5 
    2098   2   39833333 0.5 
    2099   2   39900000 0.5 
    2100   2   39966667 0.5 
    2101   2   40033333 0.5 
    2102   2   40100000 0.5 
    2103   2   40166667 0.5 
    2104   2   40233333 0.5 
    2105   2   40300000 0.5 
    2106   2   40366667 0.5 
    2107   2   40433333 0.5 
    2108   2   40500000 0.5 
    2109   2   40566667 0.5 
    2110   2   40633333 0.5 
    2111   2   40700000 0.5 
    2112   2   40766667 0.5 
    2113   2   40833333 0.5 
    2114   2   40900000 0.5 
    2115   2   40966667 0.5 
    2116   2   41033333 0.5 
    2117   2   41100000 0.5 
    2118   2   41166667 0.5 
    2119   2   41233333 0.5 
    2120   2   41300000 0.5 
    2121   2   41366667 0.5 
    2122   2   41433333 0.5 
    2123   2   41500000 0.5 
    2124   2   41566667 0.5 
    2125   2   41633333 0.5 
    2126   2   41700000 0.5 
    2127   2   41766667 0.5 
    2128   2   41833333 0.5 
    2129   2   41900000 0.5 
    2130   2   41966667 0.5 
    2131   2   42033333 0.5 
    2132   2   42100000 0.5 
    2133   2   42166667 0.5 
    2134   2   42233333 0.5 
    2135   2   42300000 0.5 
    2136   2   42366667 0.5 
    2137   2   42433333 0.5 
    2138   2   42500000 0.5 
    2139   2   42566667 0.5 
    2140   2   42633333 0.5 
    2141   2   42700000 0.5 
    2142   2   42766667 0.5 
    2143   2   42833333 0.5 
    2144   2   42900000 0.5 
    2145   2   42966667 0.5 
    2146   2   43033333 0.5 
    2147   2   43100000 0.5 
    2148   2   43166667 0.5 
    2149   2   43233333 0.5 
    2150   2   43300000 0.5 
    2151   2   43366667 0.5 
    2152   2   43433333 0.5 
    2153   2   43500000 0.5 
    2154   2   43566667 0.5 
    2155   2   43633333 0.5 
    2156   2   43700000 0.5 
    2157   2   43766667 0.5 
    2158   2   43833333 0.5 
    2159   2   43900000 0.5 
    2160   2   43966667 0.5 
    2161   2   44033333 0.5 
    2162   2   44100000 0.5 
    2163   2   44166667 0.5 
    2164   2   44233333 0.5 
    2165   2   44300000 0.5 
    2166   2   44366667 0.5 
    2167   2   44433333 0.5 
    2168   2   44500000 0.5 
    2169   2   44566667 0.5 
    2170   2   44633333 0.5 
    2171   2   44700000 0.5 
    2172   2   44766667 0.5 
    2173   2   44833333 0.5 
    2174   2   44900000 0.5 
    2175   2   44966667 0.5 
    2176   2   45033333 0.5 
    2177   2   45100000 0.5 
    2178   2   45166667 0.5 
    2179   2   45233333 0.5 
    2180   2   45300000 0.5 
    2181   2   45366667 0.5 
    2182   2   45433333 0.5 
    2183   2   45500000 0.5 
    2184   2   45566667 0.5 
    2185   2   45633333 0.5 
    2186   2   45700000 0.5 
    2187   2   45766667 0.5 
    2188   2   45833333 0.5 
    2189   2   45900000 0.5 
    2190   2   45966667 0.5 
    2191   2   46033333 0.5 
    2192   2   46100000 0.5 
    2193   2   46166667 0.5 
    2194   2   46233333 0.5 
    2195   2   46300000 0.5 
    2196   2   46366667 0.5 
    2197   2   46433333 0.5 
    2198   2   46500000 0.5 
    2199   2   46566667 0.5 
    2200   2   46633333 0.5 
    2201   2   46700000 0.5 
    2202   2   46766667 0.5 
    2203   2   46833333 0.5 
    2204   2   46900000 0.5 
    2205   2   46966667 0.5 
    2206   2   47033333 0.5 
    2207   2   47100000 0.5 
    2208   2   47166667 0.5 
    2209   2   47233333 0.5 
    2210   2   47300000 0.5 
    2211   2   47366667 0.5 
    2212   2   47433333 0.5 
    2213   2   47500000 0.5 
    2214   2   47566667 0.5 
    2215   2   47633333 0.5 
    2216   2   47700000 0.5 
    2217   2   47766667 0.5 
    2218   2   47833333 0.5 
    2219   2   47900000 0.5 
    2220   2   47966667 0.5 
    2221   2   48033333 0.5 
    2222   2   48100000 0.5 
    2223   2   48166667 0.5 
    2224   2   48233333 0.5 
    2225   2   48300000 0.5 
    2226   2   48366667 0.5 
    2227   2   48433333 0.5 
    2228   2   48500000 0.5 
    2229   2   48566667 0.5 
    2230   2   48633333 0.5 
    2231   2   48700000 0.5 
    2232   2   48766667 0.5 
    2233   2   48833333 0.5 
    2234   2   48900000 0.5 
    2235   2   48966667 0.5 
    2236   2   49033333 0.5 
    2237   2   49100000 0.5 
    2238   2   49166667 0.5 
    2239   2   49233333 0.5 
    2240   2   49300000 0.5 
    2241   2   49366667 0.5 
    2242   2   49433333 0.5 
    2243   2   49500000 0.5 
    2244   2   49566667 0.5 
    2245   2   49633333 0.5 
    2246   2   49700000 0.5 
    2247   2   49766667 0.5 
    2248   2   49833333 0.5 
    2249   2   49900000 0.5 
    2250   2   49966667 0.5 
    2251   2   50033333 0.5 
    2252   2   50100000 0.5 
    2253   2   50166667 0.5 
    2254   2   50233333 0.5 
    2255   2   50300000 0.5 
    2256   2   50366667 0.5 
    2257   2   50433333 0.5 
    2258   2   50500000 0.5 
    2259   2   50566667 0.5 
    2260   2   50633333 0.5 
    2261   2   50700000 0.5 
    2262   2   50766667 0.5 
    2263   2   50833333 0.5 
    2264   2   50900000 0.5 
    2265   2   50966667 0.5 
    2266   2   51033333 0.5 
    2267   2   51100000 0.5 
    2268   2   51166667 0.5 
    2269   2   51233333 0.5 
    2270   2   51300000 0.5 
    2271   2   51366667 0.5 
    2272   2   51433333 0.5 
    2273   2   51500000 0.5 
    2274   2   51566667 0.5 
    2275   2   51633333 0.5 
    2276   2   51700000 0.5 
    2277   2   51766667 0.5 
    2278   2   51833333 0.5 
    2279   2   51900000 0.5 
    2280   2   51966667 0.5 
    2281   2   52033333 0.5 
    2282   2   52100000 0.5 
    2283   2   52166667 0.5 
    2284   2   52233333 0.5 
    2285   2   52300000 0.5 
    2286   2   52366667 0.5 
    2287   2   52433333 0.5 
    2288   2   52500000 0.5 
    2289   2   52566667 0.5 
    2290   2   52633333 0.5 
    2291   2   52700000 0.5 
    2292   2   52766667 0.5 
    2293   2   52833333 0.5 
    2294   2   52900000 0.5 
    2295   2   52966667 0.5 
    2296   2   53033333 0.5 
    2297   2   53100000 0.5 
    2298   2   53166667 0.5 
    2299   2   53233333 0.5 
    2300   2   53300000 0.5 
    2301   2   53366667 0.5 
    2302   2   53433333 0.5 
    2303   2   53500000 0.5 
    2304   2   53566667 0.5 
    2305   2   53633333 0.5 
    2306   2   53700000 0.5 
    2307   2   53766667 0.5 
    2308   2   53833333 0.5 
    2309   2   53900000 0.5 
    2310   2   53966667 0.5 
    2311   2   54033333 0.5 
    2312   2   54100000 0.5 
    2313   2   54166667 0.5 
    2314   2   54233333 0.5 
    2315   2   54300000 0.5 
    2316   2   54366667 0.5 
    2317   2   54433333 0.5 
    2318   2   54500000 0.5 
    2319   2   54566667 0.5 
    2320   2   54633333 0.5 
    2321   2   54700000 0.5 
    2322   2   54766667 0.5 
    2323   2   54833333 0.5 
    2324   2   54900000 0.5 
    2325   2   54966667 0.5 
    2326   2   55033333 0.5 
    2327   2   55100000 0.5 
    2328   2   55166667 0.5 
    2329   2   55233333 0.5 
    2330   2   55300000 0.5 
    2331   2   55366667 0.5 
    2332   2   55433333 0.5 
    2333   2   55500000 0.5 
    2334   2   55566667 0.5 
    2335   2   55633333 0.5 
    2336   2   55700000 0.5 
    2337   2   55766667 0.5 
    2338   2   55833333 0.5 
    2339   2   55900000 0.5 
    2340   2   55966667 0.5 
    2341   2   56033333 0.5 
    2342   2   56100000 0.5 
    2343   2   56166667 0.5 
    2344   2   56233333 0.5 
    2345   2   56300000 0.5 
    2346   2   56366667 0.5 
    2347   2   56433333 0.5 
    2348   2   56500000 0.5 
    2349   2   56566667 0.5 
    2350   2   56633333 0.5 
    2351   2   56700000 0.5 
    2352   2   56766667 0.5 
    2353   2   56833333 0.5 
    2354   2   56900000 0.5 
    2355   2   56966667 0.5 
    2356   2   57033333 0.5 
    2357   2   57100000 0.5 
    2358   2   57166667 0.5 
    2359   2   57233333 0.5 
    2360   2   57300000 0.5 
    2361   2   57366667 0.5 
    2362   2   57433333 0.5 
    2363   2   57500000 0.5 
    2364   2   57566667 0.5 
    2365   2   57633333 0.5 
    2366   2   57700000 0.5 
    2367   2   57766667 0.5 
    2368   2   57833333 0.5 
    2369   2   57900000 0.5 
    2370   2   57966667 0.5 
    2371   2   58033333 0.5 
    2372   2   58100000 0.5 
    2373   2   58166667 0.5 
    2374   2   58233333 0.5 
    2375   2   58300000 0.5 
    2376   2   58366667 0.5 
    2377   2   58433333 0.5 
    2378   2   58500000 0.5 
    2379   2   58566667 0.5 
    2380   2   58633333 0.5 
    2381   2   58700000 0.5 
    2382   2   58766667 0.5 
    2383   2   58833333 0.5 
    2384   2   58900000 0.5 
    2385   2   58966667 0.5 
    2386   2   59033333 0.5 
    2387   2   59100000 0.5 
    2388   2   59166667 0.5 
    2389   2   59233333 0.5 
    2390   2   59300000 0.5 
    2391   2   59366667 0.5 
    2392   2   59433333 0.5 
    2393   2   59500000 0.5 
    2394   2   59566667 0.5 
    2395   2   59633333 0.5 
    2396   2   59700000 0.5 
    2397   2   59766667 0.5 
    2398   2   59833333 0.5 
    2399   2   59900000 0.5 
    2400   2   59966667 0.5 
    2401   2   60033333 0.5 
    2402   2   60100000 0.5 
    2403   2   60166667 0.5 
    2404   2   60233333 0.5 
    2405   2   60300000 0.5 
    2406   2   60366667 0.5 
    2407   2   60433333 0.5 
    2408   2   60500000 0.5 
    2409   2   60566667 0.5 
    2410   2   60633333 0.5 
    2411   2   60700000 0.5 
    2412   2   60766667 0.5 
    2413   2   60833333 0.5 
    2414   2   60900000 0.5 
    2415   2   60966667 0.5 
    2416   2   61033333 0.5 
    2417   2   61100000 0.5 
    2418   2   61166667 0.5 
    2419   2   61233333 0.5 
    2420   2   61300000 0.5 
    2421   2   61366667 0.5 
    2422   2   61433333 0.5 
    2423   2   61500000 0.5 
    2424   2   61566667 0.5 
    2425   2   61633333 0.5 
    2426   2   61700000 0.5 
    2427   2   61766667 0.5 
    2428   2   61833333 0.5 
    2429   2   61900000 0.5 
    2430   2   61966667 0.5 
    2431   2   62033333 0.5 
    2432   2   62100000 0.5 
    2433   2   62166667 0.5 
    2434   2   62233333 0.5 
    2435   2   62300000 0.5 
    2436   2   62366667 0.5 
    2437   2   62433333 0.5 
    2438   2   62500000 0.5 
    2439   2   62566667 0.5 
    2440   2   62633333 0.5 
    2441   2   62700000 0.5 
    2442   2   62766667 0.5 
    2443   2   62833333 0.5 
    2444   2   62900000 0.5 
    2445   2   62966667 0.5 
    2446   2   63033333 0.5 
    2447   2   63100000 0.5 
    2448   2   63166667 0.5 
    2449   2   63233333 0.5 
    2450   2   63300000 0.5 
    2451   2   63366667 0.5 
    2452   2   63433333 0.5 
    2453   2   63500000 0.5 
    2454   2   63566667 0.5 
    2455   2   63633333 0.5 
    2456   2   63700000 0.5 
    2457   2   63766667 0.5 
    2458   2   63833333 0.5 
    2459   2   63900000 0.5 
    2460   2   63966667 0.5 
    2461   2   64033333 0.5 
    2462   2   64100000 0.5 
    2463   2   64166667 0.5 
    2464   2   64233333 0.5 
    2465   2   64300000 0.5 
    2466   2   64366667 0.5 
    2467   2   64433333 0.5 
    2468   2   64500000 0.5 
    2469   2   64566667 0.5 
    2470   2   64633333 0.5 
    2471   2   64700000 0.5 
    2472   2   64766667 0.5 
    2473   2   64833333 0.5 
    2474   2   64900000 0.5 
    2475   2   64966667 0.5 
    2476   2   65033333 0.5 
    2477   2   65100000 0.5 
    2478   2   65166667 0.5 
    2479   2   65233333 0.5 
    2480   2   65300000 0.5 
    2481   2   65366667 0.5 
    2482   2   65433333 0.5 
    2483   2   65500000 0.5 
    2484   2   65566667 0.5 
    2485   2   65633333 0.5 
    2486   2   65700000 0.5 
    2487   2   65766667 0.5 
    2488   2   65833333 0.5 
    2489   2   65900000 0.5 
    2490   2   65966667 0.5 
    2491   2   66033333 0.5 
    2492   2   66100000 0.5 
    2493   2   66166667 0.5 
    2494   2   66233333 0.5 
    2495   2   66300000 0.5 
    2496   2   66366667 0.5 
    2497   2   66433333 0.5 
    2498   2   66500000 0.5 
    2499   2   66566667 0.5 
    2500   2   66633333 0.5 
    2501   2   66700000 0.5 
    2502   2   66766667 0.5 
    2503   2   66833333 0.5 
    2504   2   66900000 0.5 
    2505   2   66966667 0.5 
    2506   2   67033333 0.5 
    2507   2   67100000 0.5 
    2508   2   67166667 0.5 
    2509   2   67233333 0.5 
    2510   2   67300000 0.5 
    2511   2   67366667 0.5 
    2512   2   67433333 0.5 
    2513   2   67500000 0.5 
    2514   2   67566667 0.5 
    2515   2   67633333 0.5 
    2516   2   67700000 0.5 
    2517   2   67766667 0.5 
    2518   2   67833333 0.5 
    2519   2   67900000 0.5 
    2520   2   67966667 0.5 
    2521   2   68033333 0.5 
    2522   2   68100000 0.5 
    2523   2   68166667 0.5 
    2524   2   68233333 0.5 
    2525   2   68300000 0.5 
    2526   2   68366667 0.5 
    2527   2   68433333 0.5 
    2528   2   68500000 0.5 
    2529   2   68566667 0.5 
    2530   2   68633333 0.5 
    2531   2   68700000 0.5 
    2532   2   68766667 0.5 
    2533   2   68833333 0.5 
    2534   2   68900000 0.5 
    2535   2   68966667 0.5 
    2536   2   69033333 0.5 
    2537   2   69100000 0.5 
    2538   2   69166667 0.5 
    2539   2   69233333 0.5 
    2540   2   69300000 0.5 
    2541   2   69366667 0.5 
    2542   2   69433333 0.5 
    2543   2   69500000 0.5 
    2544   2   69566667 0.5 
    2545   2   69633333 0.5 
    2546   2   69700000 0.5 
    2547   2   69766667 0.5 
    2548   2   69833333 0.5 
    2549   2   69900000 0.5 
    2550   2   69966667 0.5 
    2551   2   70033333 0.5 
    2552   2   70100000 0.5 
    2553   2   70166667 0.5 
    2554   2   70233333 0.5 
    2555   2   70300000 0.5 
    2556   2   70366667 0.5 
    2557   2   70433333 0.5 
    2558   2   70500000 0.5 
    2559   2   70566667 0.5 
    2560   2   70633333 0.5 
    2561   2   70700000 0.5 
    2562   2   70766667 0.5 
    2563   2   70833333 0.5 
    2564   2   70900000 0.5 
    2565   2   70966667 0.5 
    2566   2   71033333 0.5 
    2567   2   71100000 0.5 
    2568   2   71166667 0.5 
    2569   2   71233333 0.5 
    2570   2   71300000 0.5 
    2571   2   71366667 0.5 
    2572   2   71433333 0.5 
    2573   2   71500000 0.5 
    2574   2   71566667 0.5 
    2575   2   71633333 0.5 
    2576   2   71700000 0.5 
    2577   2   71766667 0.5 
    2578   2   71833333 0.5 
    2579   2   71900000 0.5 
    2580   2   71966667 0.5 
    2581   2   72033333 0.5 
    2582   2   72100000 0.5 
    2583   2   72166667 0.5 
    2584   2   72233333 0.5 
    2585   2   72300000 0.5 
    2586   2   72366667 0.5 
    2587   2   72433333 0.5 
    2588   2   72500000 0.5 
    2589   2   72566667 0.5 
    2590   2   72633333 0.5 
    2591   2   72700000 0.5 
    2592   2   72766667 0.5 
    2593   2   72833333 0.5 
    2594   2   72900000 0.5 
    2595   2   72966667 0.5 
    2596   2   73033333 0.5 
    2597   2   73100000 0.5 
    2598   2   73166667 0.5 
    2599   2   73233333 0.5 
    2600   2   73300000 0.5 
    2601   2   73366667 0.5 
    2602   2   73433333 0.5 
    2603   2   73500000 0.5 
    2604   2   73566667 0.5 
    2605   2   73633333 0.5 
    2606   2   73700000 0.5 
    2607   2   73766667 0.5 
    2608   2   73833333 0.5 
    2609   2   73900000 0.5 
    2610   2   73966667 0.5 
    2611   2   74033333 0.5 
    2612   2   74100000 0.5 
    2613   2   74166667 0.5 
    2614   2   74233333 0.5 
    2615   2   74300000 0.5 
    2616   2   74366667 0.5 
    2617   2   74433333 0.5 
    2618   2   74500000 0.5 
    2619   2   74566667 0.5 
    2620   2   74633333 0.5 
    2621   2   74700000 0.5 
    2622   2   74766667 0.5 
    2623   2   74833333 0.5 
    2624   2   74900000 0.5 
    2625   2   74966667 0.5 
    2626   2   75033333 0.5 
    2627   2   75100000 0.5 
    2628   2   75166667 0.5 
    2629   2   75233333 0.5 
    2630   2   75300000 0.5 
    2631   2   75366667 0.5 
    2632   2   75433333 0.5 
    2633   2   75500000 0.5 
    2634   2   75566667 0.5 
    2635   2   75633333 0.5 
    2636   2   75700000 0.5 
    2637   2   75766667 0.5 
    2638   2   75833333 0.5 
    2639   2   75900000 0.5 
    2640   2   75966667 0.5 
    2641   2   76033333 0.5 
    2642   2   76100000 0.5 
    2643   2   76166667 0.5 
    2644   2   76233333 0.5 
    2645   2   76300000 0.5 
    2646   2   76366667 0.5 
    2647   2   76433333 0.5 
    2648   2   76500000 0.5 
    2649   2   76566667 0.5 
    2650   2   76633333 0.5 
    2651   2   76700000 0.5 
    2652   2   76766667 0.5 
    2653   2   76833333 0.5 
    2654   2   76900000 0.5 
    2655   2   76966667 0.5 
    2656   2   77033333 0.5 
    2657   2   77100000 0.5 
    2658   2   77166667 0.5 
    2659   2   77233333 0.5 
    2660   2   77300000 0.5 
    2661   2   77366667 0.5 
    2662   2   77433333 0.5 
    2663   2   77500000 0.5 
    2664   2   77566667 0.5 
    2665   2   77633333 0.5 
    2666   2   77700000 0.5 
    2667   2   77766667 0.5 
    2668   2   77833333 0.5 
    2669   2   77900000 0.5 
    2670   2   77966667 0.5 
    2671   2   78033333 0.5 
    2672   2   78100000 0.5 
    2673   2   78166667 0.5 
    2674   2   78233333 0.5 
    2675   2   78300000 0.5 
    2676   2   78366667 0.5 
    2677   2   78433333 0.5 
    2678   2   78500000 0.5 
    2679   2   78566667 0.5 
    2680   2   78633333 0.5 
    2681   2   78700000 0.5 
    2682   2   78766667 0.5 
    2683   2   78833333 0.5 
    2684   2   78900000 0.5 
    2685   2   78966667 0.5 
    2686   2   79033333 0.5 
    2687   2   79100000 0.5 
    2688   2   79166667 0.5 
    2689   2   79233333 0.5 
    2690   2   79300000 0.5 
    2691   2   79366667 0.5 
    2692   2   79433333 0.5 
    2693   2   79500000 0.5 
    2694   2   79566667 0.5 
    2695   2   79633333 0.5 
    2696   2   79700000 0.5 
    2697   2   79766667 0.5 
    2698   2   79833333 0.5 
    2699   2   79900000 0.5 
    2700   2   79966667 0.5 
    2701   2   80033333 0.5 
    2702   2   80100000 0.5 
    2703   2   80166667 0.5 
    2704   2   80233333 0.5 
    2705   2   80300000 0.5 
    2706   2   80366667 0.5 
    2707   2   80433333 0.5 
    2708   2   80500000 0.5 
    2709   2   80566667 0.5 
    2710   2   80633333 0.5 
    2711   2   80700000 0.5 
    2712   2   80766667 0.5 
    2713   2   80833333 0.5 
    2714   2   80900000 0.5 
    2715   2   80966667 0.5 
    2716   2   81033333 0.5 
    2717   2   81100000 0.5 
    2718   2   81166667 0.5 
    2719   2   81233333 0.5 
    2720   2   81300000 0.5 
    2721   2   81366667 0.5 
    2722   2   81433333 0.5 
    2723   2   81500000 0.5 
    2724   2   81566667 0.5 
    2725   2   81633333 0.5 
    2726   2   81700000 0.5 
    2727   2   81766667 0.5 
    2728   2   81833333 0.5 
    2729   2   81900000 0.5 
    2730   2   81966667 0.5 
    2731   2   82033333 0.5 
    2732   2   82100000 0.5 
    2733   2   82166667 0.5 
    2734   2   82233333 0.5 
    2735   2   82300000 0.5 
    2736   2   82366667 0.5 
    2737   2   82433333 0.5 
    2738   2   82500000 0.5 
    2739   2   82566667 0.5 
    2740   2   82633333 0.5 
    2741   2   82700000 0.5 
    2742   2   82766667 0.5 
    2743   2   82833333 0.5 
    2744   2   82900000 0.5 
    2745   2   82966667 0.5 
    2746   2   83033333 0.5 
    2747   2   83100000 0.5 
    2748   2   83166667 0.5 
    2749   2   83233333 0.5 
    2750   2   83300000 0.5 
    2751   2   83366667 0.5 
    2752   2   83433333 0.5 
    2753   2   83500000 0.5 
    2754   2   83566667 0.5 
    2755   2   83633333 0.5 
    2756   2   83700000 0.5 
    2757   2   83766667 0.5 
    2758   2   83833333 0.5 
    2759   2   83900000 0.5 
    2760   2   83966667 0.5 
    2761   2   84033333 0.5 
    2762   2   84100000 0.5 
    2763   2   84166667 0.5 
    2764   2   84233333 0.5 
    2765   2   84300000 0.5 
    2766   2   84366667 0.5 
    2767   2   84433333 0.5 
    2768   2   84500000 0.5 
    2769   2   84566667 0.5 
    2770   2   84633333 0.5 
    2771   2   84700000 0.5 
    2772   2   84766667 0.5 
    2773   2   84833333 0.5 
    2774   2   84900000 0.5 
    2775   2   84966667 0.5 
    2776   2   85033333 0.5 
    2777   2   85100000 0.5 
    2778   2   85166667 0.5 
    2779   2   85233333 0.5 
    2780   2   85300000 0.5 
    2781   2   85366667 0.5 
    2782   2   85433333 0.5 
    2783   2   85500000 0.5 
    2784   2   85566667 0.5 
    2785   2   85633333 0.5 
    2786   2   85700000 0.5 
    2787   2   85766667 0.5 
    2788   2   85833333 0.5 
    2789   2   85900000 0.5 
    2790   2   85966667 0.5 
    2791   2   86033333 0.5 
    2792   2   86100000 0.5 
    2793   2   86166667 0.5 
    2794   2   86233333 0.5 
    2795   2   86300000 0.5 
    2796   2   86366667 0.5 
    2797   2   86433333 0.5 
    2798   2   86500000 0.5 
    2799   2   86566667 0.5 
    2800   2   86633333 0.5 
    2801   2   86700000 0.5 
    2802   2   86766667 0.5 
    2803   2   86833333 0.5 
    2804   2   86900000 0.5 
    2805   2   86966667 0.5 
    2806   2   87033333 0.5 
    2807   2   87100000 0.5 
    2808   2   87166667 0.5 
    2809   2   87233333 0.5 
    2810   2   87300000 0.5 
    2811   2   87366667 0.5 
    2812   2   87433333 0.5 
    2813   2   87500000 0.5 
    2814   2   87566667 0.5 
    2815   2   87633333 0.5 
    2816   2   87700000 0.5 
    2817   2   87766667 0.5 
    2818   2   87833333 0.5 
    2819   2   87900000 0.5 
    2820   2   87966667 0.5 
    2821   2   88033333 0.5 
    2822   2   88100000 0.5 
    2823   2   88166667 0.5 
    2824   2   88233333 0.5 
    2825   2   88300000 0.5 
    2826   2   88366667 0.5 
    2827   2   88433333 0.5 
    2828   2   88500000 0.5 
    2829   2   88566667 0.5 
    2830   2   88633333 0.5 
    2831   2   88700000 0.5 
    2832   2   88766667 0.5 
    2833   2   88833333 0.5 
    2834   2   88900000 0.5 
    2835   2   88966667 0.5 
    2836   2   89033333 0.5 
    2837   2   89100000 0.5 
    2838   2   89166667 0.5 
    2839   2   89233333 0.5 
    2840   2   89300000 0.5 
    2841   2   89366667 0.5 
    2842   2   89433333 0.5 
    2843   2   89500000 0.5 
    2844   2   89566667 0.5 
    2845   2   89633333 0.5 
    2846   2   89700000 0.5 
    2847   2   89766667 0.5 
    2848   2   89833333 0.5 
    2849   2   89900000 0.5 
    2850   2   89966667 0.5 
    2851   2   90033333 0.5 
    2852   2   90100000 0.5 
    2853   2   90166667 0.5 
    2854   2   90233333 0.5 
    2855   2   90300000 0.5 
    2856   2   90366667 0.5 
    2857   2   90433333 0.5 
    2858   2   90500000 0.5 
    2859   2   90566667 0.5 
    2860   2   90633333 0.5 
    2861   2   90700000 0.5 
    2862   2   90766667 0.5 
    2863   2   90833333 0.5 
    2864   2   90900000 0.5 
    2865   2   90966667 0.5 
    2866   2   91033333 0.5 
    2867   2   91100000 0.5 
    2868   2   91166667 0.5 
    2869   2   91233333 0.5 
    2870   2   91300000 0.5 
    2871   2   91366667 0.5 
    2872   2   91433333 0.5 
    2873   2   91500000 0.5 
    2874   2   91566667 0.5 
    2875   2   91633333 0.5 
    2876   2   91700000 0.5 
    2877   2   91766667 0.5 
    2878   2   91833333 0.5 
    2879   2   91900000 0.5 
    2880   2   91966667 0.5 
    2881   2   92033333 0.5 
    2882   2   92100000 0.5 
    2883   2   92166667 0.5 
    2884   2   92233333 0.5 
    2885   2   92300000 0.5 
    2886   2   92366667 0.5 
    2887   2   92433333 0.5 
    2888   2   92500000 0.5 
    2889   2   92566667 0.5 
    2890   2   92633333 0.5 
    2891   2   92700000 0.5 
    2892   2   92766667 0.5 
    2893   2   92833333 0.5 
    2894   2   92900000 0.5 
    2895   2   92966667 0.5 
    2896   2   93033333 0.5 
    2897   2   93100000 0.5 
    2898   2   93166667 0.5 
    2899   2   93233333 0.5 
    2900   2   93300000 0.5 
    2901   2   93366667 0.5 
    2902   2   93433333 0.5 
    2903   2   93500000 0.5 
    2904   2   93566667 0.5 
    2905   2   93633333 0.5 
    2906   2   93700000 0.5 
    2907   2   93766667 0.5 
    2908   2   93833333 0.5 
    2909   2   93900000 0.5 
    2910   2   93966667 0.5 
    2911   2   94033333 0.5 
    2912   2   94100000 0.5 
    2913   2   94166667 0.5 
    2914   2   94233333 0.5 
    2915   2   94300000 0.5 
    2916   2   94366667 0.5 
    2917   2   94433333 0.5 
    2918   2   94500000 0.5 
    2919   2   94566667 0.5 
    2920   2   94633333 0.5 
    2921   2   94700000 0.5 
    2922   2   94766667 0.5 
    2923   2   94833333 0.5 
    2924   2   94900000 0.5 
    2925   2   94966667 0.5 
    2926   2   95033333 0.5 
    2927   2   95100000 0.5 
    2928   2   95166667 0.5 
    2929   2   95233333 0.5 
    2930   2   95300000 0.5 
    2931   2   95366667 0.5 
    2932   2   95433333 0.5 
    2933   2   95500000 0.5 
    2934   2   95566667 0.5 
    2935   2   95633333 0.5 
    2936   2   95700000 0.5 
    2937   2   95766667 0.5 
    2938   2   95833333 0.5 
    2939   2   95900000 0.5 
    2940   2   95966667 0.5 
    2941   2   96033333 0.5 
    2942   2   96100000 0.5 
    2943   2   96166667 0.5 
    2944   2   96233333 0.5 
    2945   2   96300000 0.5 
    2946   2   96366667 0.5 
    2947   2   96433333 0.5 
    2948   2   96500000 0.5 
    2949   2   96566667 0.5 
    2950   2   96633333 0.5 
    2951   2   96700000 0.5 
    2952   2   96766667 0.5 
    2953   2   96833333 0.5 
    2954   2   96900000 0.5 
    2955   2   96966667 0.5 
    2956   2   97033333 0.5 
    2957   2   97100000 0.5 
    2958   2   97166667 0.5 
    2959   2   97233333 0.5 
    2960   2   97300000 0.5 
    2961   2   97366667 0.5 
    2962   2   97433333 0.5 
    2963   2   97500000 0.5 
    2964   2   97566667 0.5 
    2965   2   97633333 0.5 
    2966   2   97700000 0.5 
    2967   2   97766667 0.5 
    2968   2   97833333 0.5 
    2969   2   97900000 0.5 
    2970   2   97966667 0.5 
    2971   2   98033333 0.5 
    2972   2   98100000 0.5 
    2973   2   98166667 0.5 
    2974   2   98233333 0.5 
    2975   2   98300000 0.5 
    2976   2   98366667 0.5 
    2977   2   98433333 0.5 
    2978   2   98500000 0.5 
    2979   2   98566667 0.5 
    2980   2   98633333 0.5 
    2981   2   98700000 0.5 
    2982   2   98766667 0.5 
    2983   2   98833333 0.5 
    2984   2   98900000 0.5 
    2985   2   98966667 0.5 
    2986   2   99033333 0.5 
    2987   2   99100000 0.5 
    2988   2   99166667 0.5 
    2989   2   99233333 0.5 
    2990   2   99300000 0.5 
    2991   2   99366667 0.5 
    2992   2   99433333 0.5 
    2993   2   99500000 0.5 
    2994   2   99566667 0.5 
    2995   2   99633333 0.5 
    2996   2   99700000 0.5 
    2997   2   99766667 0.5 
    2998   2   99833333 0.5 
    2999   2   99900000 0.5 
    3000   2   99966667 0.5 
