1:ϵ_1:ϵ
18.52709190914734
18.578884079710548
18.109815093753586
17.63796407241824
18.65080430185372
18.28417906944536
17.906691604317192
18.37711093746075
18.669835273651774
18.083631407774142
18.519146199538692
18.445033771554264
17.807466814602584
17.83980293527115
17.55939761647465
17.423522573733603
18.899097665913185
18.471971403167235
17.149916288996778
18.260743536718724
18.40893339855092
18.764636664451057
18.889617748936438
19.201316091657702
18.624028026103606
18.95957986746286
18.20805455081973
17.352679498847788
18.933240997481455
17.563228958729358
18.289708466917126
18.233559578985815
17.062177123840122
18.41142202364708
17.466481850759884
18.231522906103333
17.35836896027593
18.030571302837497
18.870369450788324
18.710817756049124
18.742619037384966
18.524487800338203
17.92219949998982
18.333773347838804
17.649686425711018
17.626619832560998
18.095259649965662
17.921193514414114
18.34982677887908
17.972916932717045
18.278833985153522
18.037366482843716
18.324929955603864
17.541605726544095
17.713219136118646
17.858461373369607
18.289554228370054
17.281862236379162
18.201710357431633
17.734292011465584
17.82901109347267
18.014355764403373
18.155636562674864
18.14155704070381
17.756233998308122
17.521063299603778
17.839450792692357
17.00951176288012
17.578617844581057
18.225652198623013
17.890088119980124
18.163117950991335
19.13115193987314
17.383690367133788
17.157595077001144
18.282900795338914
17.996737131263405
17.988637035176453
17.963778660494338
18.405524039158845
16.858491429777587
18.10468374282844
18.934229630434217
18.911997260218527
18.44799118659331
17.020800662190354
17.76221826515481
18.11900483999468
18.683253820078967
17.998121285981522
17.554646159913908
16.838764830814256
17.219364718134926
17.987914457225337
18.667613727512126
18.115108961285348
18.125874203025823
18.185054572748236
18.265385112547925
17.94448776728696
18.022131577101145
18.201243895329966
18.85534337619932
18.23507598656745
18.11024991628664
17.330418679106224
17.484228511564183
18.54641994693351
17.667394220113195
17.894037199174402
18.093035070788122
17.909625748396017
17.09437510173458
17.594765762672615
18.687173389454717
17.887914228399595
18.573108224788992
17.315315281535064
18.299512543181276
17.989809840948826
18.441070245297443
17.620590421885524
18.549829502209292
18.16457042017562
18.563276549790775
17.51180638851796
18.626868996857585
17.520943977231543
18.923468137539597
17.82048585827012
18.67904068634442
18.570324951084846
17.949020355961657
17.406061579563012
17.935802012333262
18.05555883849758
18.677172059578215
17.439879230709977
18.232882327567552
17.545677446796784
17.944024203715074
17.8129864412396
17.75440019567639
18.059054185672064
17.815269792543013
17.276620437593365
17.908938351844597
17.991161042322553
18.877018767939433
17.686192527401747
17.675531864405826
18.50989213049487
18.484303165990244
18.18858183937851
17.897210391530628
18.26157597739219
18.358993932344962
17.989740790365655
18.19178585784591
17.78389845750763
17.95863468568894
17.849782131247522
17.614614039288828
18.054993707738838
17.58689667427221
18.29301068319406
17.267623223056983
18.085842981615595
18.197142685479182
19.10491136762676
17.854001395294326
18.84425632371319
17.497689234663063
18.32187832474532
18.688277210913892
18.008617079368364
18.27941209329725
17.461859320830015
17.89396778362064
18.522183163995745
18.179417567815783
19.028557684372526
17.481780111525488
17.48945528423082
17.85646197451867
17.970641540207456
17.649394184487488
17.7899707179722
18.379605150069445
17.451734247812443
18.311229743872047
18.7431562984167
18.392926900175357
18.230677995465644
17.318927958025203
17.88896897806263
18.152346213946792
18.257318785508563
17.956027094740957
18.119035456820026
19.05128294961497
18.710835847642613
17.96963973040778
18.249172095414355
18.644357186286392
18.73052497331991
17.793631441626182
18.487429781151974
17.79318543450489
17.837550567908885
18.6650929951207
17.862303502514617
17.553058154063024
17.526244435521832
17.341068331955316
17.898846398625647
18.391345236490697
18.672746516050086
18.48013224827997
18.176536061566388
18.611593875554966
19.00691036425929
17.485284388943693
18.173126474225715
18.211613310590522
18.228604749661432
18.67313394370862
18.120504702801867
17.36098455864934
16.4669717578166
18.295039952948883
18.321837248046833
17.285705667033533
17.879597120515204
17.83126712258532
18.620348521591424
17.90835745605914
17.34524877949807
18.059644748618986
17.825979760261685
18.353410725066944
18.529389056084508
17.784112072554667
17.705253750193506
17.64152527468307
17.456917243894356
17.358093613340934
18.972923394390627
17.76154632321221
18.02227632348955
18.443113623013144
17.577060053110458
17.594555345544148
17.894042208336725
17.919230984157327
19.03009020075522
18.858867619276353
18.70133548582518
17.92638762245815
18.622138014100166
18.732748900765444
18.106415267297066
17.246502637753377
18.491084589097085
17.64935322934739
17.98312182615165
17.47230699492554
18.057464378151856
17.92859529413385
17.8013282605226
18.055494848533886
18.12673121042343
17.893225551689017
17.631433005930223
18.479571509112567
18.49161346271102
17.61204801892551
17.927731570871384
18.703687884317702
18.731408864098924
18.443535010575005
18.189821590898024
17.5926465272046
18.123755805869102
19.218576817893016
18.01330369058379
17.98467318841516
17.567818458412173
18.379332592548085
19.028100226082458
18.29431751278338
18.55826009875479
17.595293660934555
17.16415185095041
17.38427186223176
16.925298261635337
17.858405762294375
18.607262579406395
18.15319321134602
17.93127348459303
18.128349482402335
18.20406276464504
17.8975006564426
17.985326310249008
19.11505175291975
18.115361150414763
18.411979976070725
18.108857433892744
17.35881806563098
17.59173975559567
18.396230155817296
18.18362830522507
17.98984484442359
17.717177933348054
18.993296499540744
17.397510960121505
16.76081338852692
17.72086692012989
17.815656558410627
17.484916207991496
18.245433832929614
18.205682857917132
18.59026463364517
18.08924854985478
18.05663217882457
18.116838674919894
17.40993616719376
18.541636649017523
18.16350982632736
18.29229755280339
18.221092655232894
18.21588598245648
18.84964294440938
18.29378387062616
18.14832807925456
18.540749153621462
17.176284699301117
18.50120964740186
18.69643572388279
18.230838134627067
18.36063567484334
17.74995527081196
19.041896833974725
18.582811090453188
18.032232605008605
17.088226866129038
17.47587484151461
17.46740008472841
18.61012694516026
18.436922993301085
18.51835605854294
18.939410129175773
18.852310532605053
18.479301377456125
18.105941071820123
18.226050718808374
18.338347390532913
18.025257633487136
18.17773526296028
17.73710529534646
18.499693583663635
17.539981898768225
18.028080286781034
18.755853328241745
17.88654517720252
18.130043962656572
19.05304026152061
17.76437912385586
17.55159175571249
18.033699766791194
17.310444142961078
18.36889242420061
18.5802622297626
17.79420546330607
18.42481416831134
18.33297768644503
18.041411487661215
17.428589718994004
18.115316276693104
17.512147307599907
18.52759574915949
18.83592567552801
18.045974759267622
17.847471943127204
18.71531865331897
17.323046550336986
18.160965884780996
18.296423586005538
18.020111489913152
17.274629763216176
17.611082143787293
17.889277676848323
18.109158903889444
18.29654808247466
18.284750689122333
18.075057130741282
18.40428035421136
18.610685253026567
18.31829732944566
18.594671471481483
18.50007195275873
17.778031233389108
17.875019413743935
17.669955377033542
18.195813078825203
18.107182210371743
17.449704255305925
18.077944743451088
17.062991693905026
17.326211761641645
17.96285506506738
18.10917699414324
19.105321034400095
17.95520863612147
17.941240085333263
18.72002433292543
18.214734905606424
18.451765930623623
18.677212149136405
16.877153772471672
18.182795770769253
18.325082009796567
18.101829036254998
17.453265606810604
17.70993491544718
18.084861608983946
18.12363559926479
18.78157542881534
17.654485545971472
18.084680573809422
18.087171962217013
18.715257012742548
18.30930768713983
16.90670388842163
18.23765303821591
18.30592822177859
17.453700843012832
18.34223429386843
17.506286911938492
18.10349343970708
17.264881657636945
18.304948133997744
18.0530805227538
16.951061505626953
18.636785640846632
17.411486522398263
17.371421074629925
17.84012786222
18.382714327714382
17.952571655334268
18.70748475678794
18.036688725642403
18.130620371074706
18.102385131048223
17.961587735078258
17.922455575735384
18.162379590948618
17.892581067933772
18.40046626852237
17.913395470229975
18.331115840070574
19.44293301187836
17.745324696824873
18.10359449904791
19.228260948081424
18.426030935396675
18.245126318633076
18.14647942120214
18.64175171335872
18.13350097201933
17.958854146723258
18.98778566387154
18.057771869353584
17.75455766950719
17.5340706448951
18.428378133091325
18.473948172458705
18.0025414630881
17.218398483925284
17.626155425466408
17.582123645112738
17.315014851562687
18.372130741744595
18.162438616431846
18.38261803669303
17.834322853033253
18.22548080461758
18.137253402405612
18.512273952779815
18.13369820585104
17.62366290765393
17.933920867447565
18.713520687193874
17.831020003813823
17.711627473153968
17.008562235211297
17.961519135228585
18.16600901009134
17.983321475892645
18.13516902268598
