1.8360958390771962
1.0136981662368745
1.206075733571478
1.3666846068150629
1.4081400252280003
1.294150802225509
1.017674385816862
1.9566221871810883
1.0185200389688789
1.2905314310518756
0.9939978724654783
1.0540250010223642
1.90395979845604
1.1503300374605707
0.9207433797551542
1.1567498676115597
0.875107121414924
1.0821747014619052
1.3212447448045086
1.374226006559469
1.5848518749656917
0.9917173662531402
1.2764040818437592
0.9194800461484696
1.3006606460198487
1.5968444704451046
1.346972328572303
1.0187149910765518
1.3186164489075025
1.0972198803399362
1.5012467573067092
1.9922549083545602
1.0362451768519627
1.5791988046931051
1.4976087211136144
1.606215826504991
1.171352388222132
1.3099138447271217
1.0351862310500126
1.349194879255
1.954578422261998
1.3774486456948796
0.7893266374458202
1.387051868307123
0.910091731889275
1.2599785726397836
1.1353731252309456
1.708285522253221
0.9829159257138194
0.9567787916069743
1.1941979204229092
1.0762277345949334
1.1515849880095135
1.7939885032016574
1.0435498834143033
0.8768862384420492
1.3215938415692252
1.06533858019318
0.8472687927249684
0.8803052744372056
1.4661289088283056
0.9415047459061633
1.3797656591850576
1.6225429464580114
1.536825981089675
1.1507556117192008
1.17305754670679
1.5527058823008872
1.5092085668227802
0.9616569475625145
0.68811863041105
1.2942425731037632
1.5424579994752456
1.1106688117456809
0.8987747518585926
0.940176084817544
0.9540793934062397
0.8351671357466801
1.1666253710645074
1.0979705480577524
1.0303283338290172
0.957582419189663
1.397589998689091
1.0429753628129281
1.3720508522636954
1.4217197428438801
1.4868286251807448
1.309961984157775
1.3058077621242605
1.2256954664978275
1.331413998456346
0.688785345242898
0.8562397614954645
0.8221004100585018
0.9562457702196009
1.7701737354406701
1.0856935102857888
1.8047436029039527
0.9766921205174669
1.3090520344639989
0.8312623061780553
1.2734257193189757
1.2897960148522851
0.9170011871024877
1.0439519015042258
1.260064738209171
1.2008427909968846
1.1212410853913197
1.3467721788631828
0.8865226521355158
1.687820950534885
1.0775622772866535
0.7454653594335495
1.1536577976645703
1.0597063280811816
1.392275080820434
1.0020838792312419
1.0405672125922694
1.2932581390605762
1.535915046671551
1.986874434067765
1.1406187147541986
1.5146481165651782
0.6641742984063724
1.1772364119874175
1.0032751383598997
1.2483965793399623
1.4847432878557432
1.2041371055948689
1.131447212709387
1.4227680236943385
0.9599541154821474
1.0272853548527783
0.8776678220038967
1.5343620478479438
1.313290887525369
1.5505331555913275
1.075145463661338
2.3900287991314304
1.1043766351872852
1.2406898222811666
1.2363727651880996
0.7929781620245637
1.0836025088364394
1.6733487118772288
1.2028740208202122
1.2549650475164396
1.1358798875112366
0.8871758999977502
0.9414443097984314
1.0651516714027307
0.9396620428198378
1.076539573461054
1.237062431087252
1.0002966724278215
1.3089348230797249
0.986967641697832
1.0555070279401393
0.9289908683517739
1.2554922609872208
1.0783102096637027
0.9236559431222922
1.6005278893249633
1.0828704739551887
1.1879905102203334
1.254388918571435
1.1271428666719119
1.1940737747211705
0.9271469587972638
0.9493768564840512
0.9191373344595543
1.3026124704552913
0.9879590701430995
1.105245416075428
1.2172392317201666
1.7292722915797865
1.2779092795977571
0.7584299985319939
0.6771893168745231
1.6432605483327554
1.148650213907603
1.6033017420606892
1.0314708536183739
0.8642507241615089
1.3934532690177257
1.6707677111385655
0.7838456369152584
1.08433118128944
1.028149382947072
1.3787801729002271
1.1078404087342872
1.3839280512261718
1.1859623291985126
1.4133291666950807
1.1393168672746814
1.2962504880389405
1.2690841587920063
1.41440567826024
1.1674674836003744
0.9348564468399365
0.9089145946479952
0.9128829022494341
1.139276262978392
0.8947655247594168
1.0383221286421762
1.3982993363198
0.784166222611929
1.5598262637981757
1.3725328652305335
1.644511524238661
1.1399229365308208
1.309714467923026
1.2152077203195961
1.2654912695384999
1.0793887888510723
1.1172729297550164
1.1156558882570853
1.4530976197993795
1.0239089926394247
0.75301935606461
1.255996425399933
1.0876850756989878
1.1101627549683104
1.3087914914660386
1.5043822617275773
1.6610958710284598
1.5885745865011078
0.797798250025982
1.2997020693132744
1.5264632969466743
0.6855808928270795
0.962283413445874
1.2158794907240311
1.3036008521931295
0.8858755694082344
1.282563451007042
1.0277497367593664
1.6345626205601864
1.384208111333469
0.919948624145643
1.2633695554643327
0.9449059653571678
0.9223496455353098
1.4185842888579965
0.9490353985492865
0.9296782163492673
0.7879120792067952
1.32122055514679
1.6434777288807814
1.6520118044922745
1.023783861350618
1.2066626310126447
0.8896421277331179
1.3416375267653948
1.455448882300961
1.1780318268939591
1.6680164234741368
0.9431398444799644
0.7520335204805462
2.083023620473084
1.002623006180984
1.2015638898249723
1.763942739681824
1.7742021873048335
0.8597751371301158
1.157368944110596
1.153619244545947
0.9118087858222905
1.3687647862123518
1.007157194082888
0.9757858917130521
0.9016314815453983
1.720780739809876
0.9519767397882399
1.036355868580296
1.2335056542132397
1.3009509904576515
1.6373741664542474
1.5316813242418987
1.7032603010384528
1.2887692447864791
1.296582552419013
1.1610025775958703
0.9922490385115611
1.119327226217367
1.4495556095126185
1.3240611670972253
2.1655049529766774
0.9546822571457603
1.2655293420313547
1.4130699751923959
1.4309532125767368
0.9606001599125299
0.6882339793716878
0.9941314256861289
0.8911693665595405
1.4281226663433202
1.0417001045463883
0.9470770217673073
2.219061936511625
1.2821217963882332
1.0567699242207662
1.2491068947742707
1.0934803408049358
0.8153747477271291
1.2393470245017755
1.8688478874166807
1.3023572801848833
1.407940914625361
1.388554795843583
1.4031082724113149
1.5705929489270818
0.8871903623382392
1.132620810924753
1.5727171981668915
1.5989724699526304
1.063045573112776
0.7956781015343476
1.1919454328996673
0.9927075895945827
1.4528255988139511
1.352196909869218
1.11213536897633
1.5656218611053696
0.8186283846214716
1.0433036965169766
1.3122456739998638
1.1437012539969789
1.149686749521263
1.1599657720566037
1.6660892945675956
0.868543277005233
1.1380451990407385
1.5405139113880413
1.2315362102716259
0.9019317954761167
1.1621003747215992
1.4311411699625058
1.483995085508243
1.2236936375564462
1.0935045628934816
1.208612761911263
1.0904228656146957
1.454868904051702
1.495408648302478
1.362458347102695
1.2558825563855118
0.9311368266262132
0.813574153884237
1.515605126076833
1.3923538596908152
0.9186304859781884
0.9117731162333155
1.605813511385965
0.8989140978948827
1.28758380262008
0.8649540944303472
0.9741557191586849
1.3776642228638103
0.663962924540794
1.1996080783676497
1.0390591626842813
1.654419527233534
1.662335691748208
1.0229196284644657
1.0171310819077795
0.8878028112942593
1.1650954740861255
0.7713662086994086
0.9319297420714633
1.3979154979764994
0.9568440045556832
1.7443649626933677
0.8538692709631167
1.685459031143366
1.4310490450548916
2.0538502810323234
1.0648133333961716
1.1360038974651627
1.1967783264509717
1.2539127275196968
1.2310764877932228
1.2998811237318562
0.7343695698016882
1.094083927267573
0.945691355134134
1.0850734700405145
0.7069411408182474
2.4720940749716305
0.8654293318712133
0.9704399189725588
1.0903600916427616
1.1082722420348385
0.8738966869890015
1.1014530861264549
1.2789678120403611
1.6878713495629836
1.4878865574313591
1.2724116961774083
0.7478646941380017
1.366585524000013
0.9651479790001194
2.07993618812573
0.8445840553470723
1.4753075501184467
0.9260685269894652
1.2607717785845771
1.415568312595288
1.030934405840815
1.6070054971886847
1.2660508463736244
1.2366154184709321
0.9674718716981864
0.8402248126013704
1.2826041443594167
1.4558808173406697
1.4775721401549682
1.298349225217314
0.9186074278225429
1.2803730675385983
0.6621008970251623
1.02626854725148
1.5095659367452123
1.033348691696657
1.2421785081621575
1.6218819596691727
1.6002567421320566
0.7599128597368507
1.2303709126460696
1.2384226428871508
1.7910502465798763
1.0443687851963717
1.1380141657055287
0.966306762835119
1.0917540119340845
0.7794430274650719
1.2696675554533963
1.3128869166114217
1.4783005799624214
1.3856239787111655
1.0217327834736067
1.2337530243574386
0.899725423593898
1.5838220161081702
1.2322242310048337
1.3545709120877383
0.8783298066948403
1.5237833159070318
1.3628388470387185
0.9883332328838906
1.0003757295144244
1.4767957039822865
1.1550087049014441
1.3366456469276045
1.4323099751572324
1.1677063034745094
1.036574212471261
1.1191246285613903
0.7420647776209721
1.0880838249279774
0.8800453041398851
0.7947808783161233
1.1197856447239565
1.1295317623428822
1.3926592795563877
1.0801080829799554
1.1370535283792
1.1160513047859681
1.2824920830210096
0.8850232600188032
1.9019408057009501
1.156454041374964
1.2498228569102712
1.0087335305822624
1.0612766355539356
1.4336091195181517
0.7620493566748099
1.071445168633794
1.7200118133946534
0.6670747727237137
1.6272239330029363
0.7846043018838712
0.9449823340044385
1.2377031480874925
0.9068173213483371
2.077604666317535
2.0265973165887132
1.7961605455506013
1.2237441069824493
0.941424255871586
1.3208096821964592
1.1426468352011616
1.1483635886573702
1.1709129896357662
0.9037425732862707
1.4864311617207913
0.9983911776396115
1.1275328392113615
1.0274170902829776
0.7751201396441598
