0.9888077244476621
0.9855200148309281
0.9918752800413012
0.9933875401094763
0.9904138840433772
0.9900622957153488
0.9919387851991528
0.9918686630120989
0.9885255116332051
0.9896732865723558
0.9902549127425287
0.9901138783773045
0.9895023169050381
0.9898683613303026
0.9916069509241026
0.9883727863520101
0.9890899920234612
0.9829404124085053
0.9915234803162712
0.9917816991717855
0.988862307881775
0.9862966962093908
0.9896924838500184
0.9873356860315995
0.9880461526205594
0.9888438237533989
0.9893855238721968
0.9900342482320408
0.9926214036152802
0.9881264385549507
0.9905998802921344
0.9917928441191332
0.9892826895565735
0.9918867477147244
0.9909070545828366
0.9918839070124721
0.9874825079807935
0.9907019280290769
0.9888887136369602
0.988828942408938
0.9904817421723829
0.9898677095545229
0.989860389189937
0.9898341366317028
0.988144166503932
0.9889772577613456
0.9897793513296123
0.9841686827403664
0.9905353378284664
0.9889322839271143
0.9869875831775999
0.986657844332338
0.9918896096534046
0.9865492538019958
0.9862093913222193
0.9902064364536046
0.9895408676141152
0.991497764798244
0.9873024418849288
0.990765940078993
0.9905421315543071
0.989129049798491
0.9906196147996442
0.9914153452382687
0.989773249462926
0.990963121450436
0.9898710508600302
0.9860226243435496
0.9897137001704442
0.9890655605670714
0.989820911871729
0.9925774338020557
0.9890455299947392
0.9894909552893125
0.9885412618067138
0.9894996246123453
0.9893634999624777
0.9877307921927297
0.9885016357096149
0.9888834185806784
0.9877817157578778
0.9895180800332086
0.9889693757179542
0.9856275850901027
0.9897260368343432
0.9891492979864634
0.9869562553196743
0.9926837865780569
0.9918884580902776
0.9906947913463162
0.9855312605659546
0.987866628812531
0.9870227996938861
0.9903946678466422
0.983308811711533
0.9901035919112676
0.9885808805694289
0.9904050900394648
0.9897683919975835
0.9873741272824028
0.9867107022449622
0.9871219291395396
0.9914697414727921
0.9880910397740778
0.9900692043601352
0.9878212754936352
0.9896749053333104
0.9900621902418312
0.9897379114024991
0.9873485838095505
0.9887149327855865
0.987101137169774
0.9904970345622913
0.9900299278485142
0.9924046402788004
0.9885941902225973
0.9907162179103848
0.991265875232927
0.9922467108360377
0.9918184180228488
0.987151174045519
0.9892143704223859
0.9893033196805904
0.989235751772567
0.9885048871535811
0.9891758258972465
0.9903166284310019
0.9905550727303746
0.9885830024959282
0.990608027391194
0.9848163152533309
0.9896354781635084
0.9900037258414954
0.9879647266895889
0.9929162832566204
0.9905495425879826
0.9891265777592415
0.9883958675654875
0.9915113835894792
0.9888599344028548
0.9908061416454199
0.9860478304708022
0.9882042456538088
0.9916398739141431
0.9877861962862409
0.9878398817093428
0.9854921706605657
0.9876531516374762
0.9918755146032043
0.9915662468572449
0.9902509082020534
0.9892149580226292
0.9877333060868407
0.9891679624424645
0.9850695836613107
0.9915862288914631
0.9892729083308333
0.9883987390968669
0.9925855532980528
0.9884559029713084
0.9905448278961668
0.9871338538105533
0.9903032075974602
0.9893796322072046
0.9928165562755535
0.989457153404758
0.990076750656063
0.9889558114640926
0.9898557550895141
0.9912256113597328
0.9884183239855959
0.9878069365948173
0.9931604516275165
0.9908030330979861
0.9891712027179124
0.9916379474850086
0.990061499580465
0.9856027585470744
0.9890163244525587
0.987364204028896
0.9905801621658685
0.9909281222321066
0.9892202242088428
0.9885174394892401
0.9881006631003857
0.990096962106065
0.9893001830368647
0.9909706276178871
0.9917946803019105
0.9915674532081904
0.9892321699865495
0.9922366934142239
0.9897386707893893
0.9909933113289766
0.9911426011182032
0.9902930818851694
0.9916550433872098
0.9920852946806656
0.9883434549947644
0.9906949477453032
0.9895424085768044
0.9918708166772392
0.9909820366759498
0.9920664162082755
0.9914884968967633
0.9887255642154711
0.987574841102695
0.9899385482287781
0.9926070798070911
0.9904679381271543
0.9894797447917926
0.9862661022420273
0.9872456510896381
0.9898553088251955
0.9872517076529514
0.9911828671438287
0.9903929632423764
0.9893795500046559
0.9889112122101447
0.9898991393184724
0.9883335460746329
0.9893226602132434
0.9911183896750037
0.9884760111956267
0.9878686256409823
0.9899360977584271
0.9872565801728578
0.9894455102036842
0.9890360145673788
0.9833223031357932
0.9903270646375982
0.9883106198859873
0.9903231039217321
0.988850184506779
0.9878954017310592
0.9884022589959112
0.9901223045351903
0.9903469716753677
0.9881245206158313
0.9879878352955075
0.9913071454236966
0.992270079562332
0.9856708916795682
0.9918945866393856
0.9918078445083655
0.9926560748333113
0.9886541623350935
0.9892528671394649
0.9879593721947532
0.9864035508922294
0.9894167059523993
0.9912050815459492
0.9886282991654415
0.9902390798850406
0.9901899174798808
0.9900113863240845
0.9890276920288835
0.9902348513726044
0.9909863536505604
0.9898643401984908
0.9878783802502229
0.9861393455345899
0.9878378910807799
0.9887721812086477
0.9878985647178442
0.9921085814982544
0.9892965240366354
0.9905101822641683
0.9909558173849424
0.9856137557085113
0.9922062578246628
0.9892381068004138
0.9888814487121607
0.989829077010113
0.986811070698576
0.9903648852476757
0.9938336271861911
0.987790216770073
0.9897291776362201
0.9887496673780068
0.987788070828424
0.9857341622615081
0.9893488310631643
0.9882475150723367
0.9865398165154441
0.9927447847162392
0.9848030899834532
0.9901708098061429
0.9903154730442083
0.9884282624759481
0.9895954479434249
0.9913620980521303
0.991607117227135
0.988421775088767
0.9870778508392396
0.985374961139013
0.9857272814896268
0.9887254639524663
0.9917790222183064
0.9880710429377572
0.9896550584318171
0.9878358633394563
0.9936191204141358
0.993135507963046
0.9915915880230074
0.9902332808091027
0.9918532453603803
0.9912733885413663
0.9908489929379674
0.9923373133736837
0.9913883913934844
0.9887728889002532
0.990813471898479
0.9910327477779383
0.9906809444002678
0.989925649502698
0.9850423619546202
0.9907598311631796
0.9889758363786676
0.9893950817865768
0.9860874468878648
0.9907153817811709
0.9855787025874901
0.9888525050418213
0.9877209834831349
0.9884799245227687
0.9886200975261641
0.9895427984331888
0.9880554269054674
0.9896756611359392
0.9895875844875796
0.9882016085955435
0.9863971713371921
0.9918222774695992
0.9922829618047256
0.9894041078929383
0.9887114645900379
0.9901147704199676
0.9903029414295956
0.9907571309901101
0.9864832695049031
0.9919057733697192
0.9896449535204835
0.9874000215443937
0.987730943384517
0.9877409186220417
0.9869183409306852
0.9877841056480681
0.9911123992708745
0.9891540876329487
0.9892357184184477
0.99063403045546
0.9895625175766007
0.9939510369130227
0.9899044518372866
0.9885242758231947
0.9900909835217053
0.9907574873910824
0.9913114492200252
0.9894300060718809
0.9897967634093368
0.9899665874807981
0.9919284036056925
0.9904287623075717
0.9889173564978052
0.990098877009488
0.9900946896014038
0.9889980506997483
0.9921298021648126
0.9806892858271704
0.9891537783694297
0.9893397553772454
0.9900947811089639
0.986930385248526
0.9873278810478882
0.9893751195410155
0.9876745684354313
0.9910124540550013
0.9881313692248487
0.9896335982661767
0.9882381766071341
0.9901528663285984
0.9899909704062709
0.9886666940792228
0.9877283469438524
0.9856017705703896
0.9900671006987141
0.9874885959504053
0.9875668477278835
0.9917350648897175
0.9890880676350781
0.9893340713503964
0.989891963350866
0.9897725892884017
0.9885917125812405
0.98806012842829
0.9907393902653623
0.9894382849231076
0.9899871124013494
0.9917424201151999
0.990603369550521
0.988275945208129
0.9889078356819226
0.9891071464260974
0.9889298488582121
0.9916383642312944
0.9882395574597671
0.9862424474649106
0.992044203299258
0.9924184785841721
0.9899357707690352
0.9938303806868555
0.9861878329252389
0.9902754212339767
0.9885503014265404
0.9911085586654685
0.9868231529404001
0.9870750239299416
0.9918855016926963
0.9888819374825945
0.9878593757152875
0.9913293770112469
0.990455666041547
0.9902817931025576
0.9916312868915736
0.9888735513021478
0.9900919343897433
0.9900686556236837
0.9883239953801685
0.9917647116851463
0.9903370657844471
0.9871728246694452
0.9926797087219074
0.9893287767283865
0.9894774382568563
0.9881184663356575
0.991474525406903
0.9848383238299931
0.992276624143404
0.9906821480474777
0.9847953058279149
0.9904825674361357
0.9896967453873959
0.9881447581075133
0.9919214829293589
0.9927899033374715
0.9883472426942159
0.9913103167335617
0.9879842395527278
0.9928040542218576
0.9900689490772461
0.9899690728966676
0.9917248897040104
0.9878025745672051
0.9888648091545941
0.9914292938923271
0.9882981338865438
0.9911629620619042
0.9903945543830499
0.9895249540841157
0.9913404869946763
0.9904057859775294
0.9880701657825296
0.9862546642412963
0.9891540322988469
0.9909372790950076
0.9887279190650515
0.9874065588896631
0.9882681424147114
0.9896917827344437
0.9885105727723683
0.9890782456543824
0.9897274423699448
0.9916810932889701
0.9882658271648262
0.9927301331648131
0.99022833687029
0.9891002591090776
0.9894107629705674
0.9882884810158434
0.9876086121319019
0.9902437801082695
0.9891238928133546
0.9924895780163259
0.9884106592077537
0.9903859934054045
0.9928844442960347
0.9890657928293277
0.9902512199432818
0.9885736421289235
0.9878701067434303
0.9854598978421202
0.9896440487221229
0.9879075394517967
0.9876468684781082
0.9876895966266889
0.991179250702551
0.9902036577943016
0.9919979498893081
0.9866029688008139
