y_y
1.027335842232068
0.9982699977394662
1.0228283951355075
0.9791015195262582
1.0166648576549322
1.0357413714983705
0.9739943965779251
0.9975923633651997
1.02356198792374
0.990647605409418
0.9933985606902206
1.0055970050318828
0.9918016001025071
0.9883749820690251
0.9911331156512483
1.0339340736306069
1.0272621285223296
1.0144310688684752
0.9976893008809021
1.0038476712008306
0.9967085235173229
1.011806787346044
1.0242417651971971
1.0136712608516458
0.9832657135537342
0.9790877062380607
1.0011970898536424
1.001530693907091
0.9854797193264673
1.0067334161402242
1.0038567714524755
1.0034463673686678
0.9943057662105205
0.9810651984677538
0.9777580363820222
0.9638510369316096
1.0021358905954767
1.0345145162966185
1.0003799887932268
0.9928389690036599
0.9878849496943939
0.9988574186114659
0.9952760117955293
1.0069062470486294
1.030041945556767
1.0030095008404163
1.0152082472506514
0.9833805811921129
1.0046974460592561
1.031181336696126
1.019370907758796
0.9904304692534218
0.9955565400039343
0.9868768384447871
1.0071482375706986
1.0105347542100722
1.0072978173910294
1.0083258027604083
1.0030282538902175
0.9936506270659439
1.0091299257365451
0.9985244534669212
1.011001013911365
1.0085547309777325
1.026149273645005
0.9851951833176312
0.9937622690036673
0.9807990049806825
1.0211801267197653
1.0206024222379122
0.9984649926641911
1.0144061987624027
1.0205752493127829
0.9642635593215111
1.010753074895463
0.9910256267901156
0.9722142594478093
1.0137779285790602
1.0196968255899725
1.0120464392261501
0.990415353963688
1.017041736796827
0.9802164156363553
1.0099522451469296
1.0220197012570507
1.0128244633616155
1.0269027208407628
1.0040780857473321
0.9854104683437851
1.03803843329962
0.9855859120638639
1.017645134693006
1.0022532295495958
1.0310938224641626
0.9952454360073788
1.0049748495523303
0.992094271988876
0.9871667272659346
1.0203333894614748
0.9727624333480099
0.9699003052581
0.9984177074171433
0.9939747559821356
0.9685068781664581
0.9760693930234153
1.0294413613261968
0.9951974372681958
0.9806810739909823
0.9991192879371721
1.010523469035221
1.0237202190537706
1.0252206017603647
0.9975581749341187
0.980799269338363
0.9929525842052941
0.9664168160517241
1.0201829902557487
1.0227258505838215
0.9894720971612133
1.0199420061124205
0.9740959365857776
1.0096154268645838
0.9751935267309794
0.980236854302787
0.994816950725053
1.0278041347894484
1.0094076595515113
1.0134857811804034
1.006788016371642
0.979935785175836
1.0093118018970872
0.9757625403877984
0.9907149844853143
1.0035747907821204
0.9886522231646291
1.0307304479466324
0.9919288987785239
0.9817247637371598
0.998003134465281
0.9988430944142324
0.9890814873673437
0.9903877361204341
0.9756440796889975
0.9743748264274567
0.9880469318160309
1.013284001914265
0.9870972052198405
1.0199973886975322
0.9854137505627429
0.981821288185673
1.0202341317280552
1.0049316503693588
0.9823702359698282
1.0162300613704405
1.0165095609743162
1.0133436354192153
1.0027227473590843
0.9956456556666966
1.013040376074024
1.0139280314868193
0.983726328183782
1.0146960753577499
0.97843534084979
1.016948645450119
1.001803302242783
0.9880058733417575
0.9842051602898239
1.0037746916372712
0.9949965243684206
1.0121582460371585
0.9939679521270467
1.0299390324777253
0.99834321982601
0.9758885869439624
1.0037121728638014
1.0094153717630223
0.9779728531789162
0.9585085317113619
0.9823166790249404
0.9980181927725392
0.9805895659706967
1.0165415304220833
1.0060549768259666
1.0159762148158438
0.9780178252635908
0.9892230555060361
1.0024861455123901
0.9748479382054581
0.9785635622906216
1.0035108606947918
1.0250135312930648
1.0061658407214504
0.9940601516841233
1.0269626844641166
0.9853304352736578
0.9855623264817258
1.020808334080212
1.0080821307273826
1.0103961658760645
0.9794606652847588
0.9804385633638535
1.0554275335261447
1.030129626994776
1.0019074228274172
1.0142024350327457
1.032359164020736
0.9724495919058849
0.9979538540382622
0.9824839311164406
1.0195524081972451
0.9937246847965407
1.0211378569345517
1.0365462103144365
0.9902209950129515
1.0056015813717702
1.02578880322006
0.9806197638377909
0.9811098575325704
0.9923243066886234
1.0085284578264109
0.9912757996322218
1.0006549027212857
0.983620362053065
1.0150289348329549
0.9682884438574161
1.002225369816394
1.022723879591042
0.988447919593248
0.9833325640442321
0.9953011737451686
1.0252954595488393
1.0044285407001707
0.987997844597537
1.010248755205309
1.0021106060151803
0.988271744111386
1.0295495844455054
1.0139556516348283
1.000656361136678
0.9967540577038488
1.002930363107513
1.0239009022426522
0.9753718184682849
1.0077231439399843
0.9820898331786895
0.9790772868259184
1.04267386118124
1.0126579054587215
1.0126223607493368
0.9826149998206377
1.008769890196455
1.0270641894846866
1.0741245082941218
1.0073580739236148
0.984386566035181
0.9929862073599477
0.9776180917596475
1.0336829836874903
1.0019262127360096
0.9931108910214841
1.0269797301928385
0.9959844935534672
1.015498952616743
1.0216543291208044
0.9958650578034157
0.9926786624052
0.9935368038157086
0.9862135761387448
1.0289163549313416
0.9937063205815071
1.0007525454575597
1.0225282925029775
1.0191483764880362
1.0358448656589387
1.035294603547565
1.0055181293844109
1.0374766835439602
1.013340041665614
0.948065086745303
1.0397696125807043
0.9897273094377469
0.995060573276511
0.9898958933667138
1.0151533452375325
1.0193668456938758
1.0350561665200586
1.0026765109948965
1.0071243969209658
0.9886560041438044
0.9975067299091959
1.0141783855327926
1.0019541247709165
1.001430530499433
1.030818167146205
1.0218554854415736
0.9941554079478367
1.0200247829341178
0.9985058489716593
1.0097205163549776
1.0190202086285172
0.9800109996342476
1.0034256141833604
1.0125367019358076
1.011758556809214
0.9707312511848334
1.0114315184675076
1.0016147697768498
1.0335791425777563
1.0062316406420921
0.9792228532837927
1.0106824999055322
0.9810881061657606
1.0030535392538225
0.9913481417694524
0.9977797215874211
1.0112187299408497
0.9829847488701441
1.0119037986503285
1.027807451224725
0.9927196798836965
1.0270881114537191
0.9896912910066762
0.9866891592419025
0.9983502720920364
0.9934851660491398
1.0176054445866038
1.0101337766219012
0.9872539251380786
0.9922686837134391
0.9844341752962702
1.0271681392326382
1.0021103887516427
1.0315464801130048
1.0115928263896063
1.0010900807212402
1.003881859889345
1.0170422581946
0.9733802114084382
1.0082953768346634
1.00370892245342
1.0138790467142775
1.0386875074910615
1.0203259423952062
1.0220003446714183
0.988749321026239
1.000351187342345
1.0248922654018207
1.0000607442865155
1.0156727726255406
0.9982030821798032
1.0190069109380777
1.001963109116867
1.002891490908146
1.043859876385398
1.0212235719445395
0.9870780641800404
0.9728797067341091
1.0032982434149118
1.015443479314364
0.9987661771795919
0.9905091425264536
0.9786203201895073
1.0090956241860725
1.031660499343408
1.0127661144039561
1.0073178576989699
1.0129463530435658
0.9824653828134713
1.0233170788195038
1.0278078378328968
0.9767049675844827
1.0134653686222255
1.0051847372549856
0.9930687991806246
0.9847785344333791
1.0072189544818093
1.0214654061413333
1.038057881416377
0.9966176078261035
0.9898402992140916
1.0147476164687887
0.9752600248854495
1.0034917195112216
0.9741180582031534
0.9863341522317093
1.0400052616876878
0.9659611856215662
1.0060065368392606
1.0014851487765979
0.9998739812744328
0.987609468717022
1.0056725492746044
0.9857849579100699
1.0347034766949124
0.9831990201622208
0.9949848387848909
1.017415249499308
1.0172133117722248
1.0123117410001905
0.9807132063476814
1.0401884927552618
1.007239976224491
1.010207087414633
0.9874665412092534
0.9853635444476153
1.0028868517978597
1.0003416874880309
1.026924435307775
0.9964332191578148
0.970908936099083
0.9742154620119611
1.0021015375316793
0.9862779421416227
0.992379315358913
1.0040687489824218
0.9942495285934247
1.0257536952532602
1.0375456157865564
0.9686285239198542
1.0103740890321022
1.0036454349358808
1.026474040695863
0.9797487054967273
1.015752304769026
1.0310318264150022
1.0055276991802453
0.9818698717425199
1.012328092226959
1.026836264778393
0.9538327910272071
0.9840579219293255
1.0209359303974466
1.0236242987021877
0.9993815249841417
1.02439835376686
1.0229572670152443
0.9918637112004947
1.0225968522460802
0.9946200387726539
0.9844400959701076
1.000547839386438
1.0239478964163624
1.002956857035866
1.007003763813283
1.0195594661067147
1.00051491229207
1.055806725427504
1.0094636058320547
1.0172822449505217
0.9920105501114223
1.0270009209008122
1.0059497136994349
1.0307258610384273
1.010858059805111
0.9964398783073236
1.0299957773479398
1.0069608560173156
0.9937160941277238
0.9792865490280679
1.0093451270259572
1.0011077740451093
0.9966659840912843
1.0193628710262657
1.0078524317285085
1.0249637348502771
0.9854246071379436
0.9757253539703442
1.006043137351743
0.9981010001217019
1.001344691571436
0.978338550790791
0.9827940630477158
0.9962077390019675
1.0287817001168584
0.9946024764852336
1.0084627590797701
1.0567455814521787
1.0371853271877556
1.043715123588692
0.9985661466809898
1.0308353411007385
0.9861748517157022
1.0326984456136006
1.0148794206832672
0.966096368988967
1.015699530553491
1.0199043022218681
1.0047094884989596
0.998740953979883
0.9910598990929552
1.0174374954787986
0.9969283871242979
0.9788114560976022
1.0230601097509417
1.0033705416029843
1.01830429935559
0.9945661060840613
1.0151309053797435
1.0401896321266506
1.030075152180111
